Start Time (Seconds),End Time (Seconds),Duration (Seconds),Component,Energy Consumption (Joule)
0,180.567,180.567,screen dark,50.6819789208
0.0,1.8078139999997802,1.8078139999997802,core 0 cpu_idle start,0.04900332940959404
1.8078139999997802,1.9625999999998385,0.15478600000005827,core 0 cpu_idle,0.004195691230401579
1.9625999999998385,1.9630969999998342,0.0004969999999957508,core 0 cpu_frequency,None
1.9630969999998342,2.0425479999994423,0.07945099999960803,core 0 cpu_idle,0.002153630586389375
2.0425479999994423,2.064618999999766,0.022071000000323693,core 0 cpu_frequency,None
2.064618999999766,2.0827439999993658,0.018124999999599822,core 0 cpu_idle,0.0004913034999891526
2.0827439999993658,2.089828999999554,0.007085000000188302,core 0 cpu_frequency,None
2.089828999999554,2.7110439999996743,0.6212150000001202,core 0 cpu_idle,0.016838902276003258
2.7110439999996743,2.71115699999973,0.00011300000005576294,core 0 cpu_frequency,None
2.71115699999973,2.7226479999999356,0.011491000000205531,core 0 cpu_idle,0.0003114796424055712
2.7226479999999356,2.747352999999748,0.02470499999981257,core 0 cpu_frequency,None
2.747352999999748,3.962470999999823,1.215118000000075,core 0 cpu_idle,0.03293747455520203
3.962470999999823,3.963347999999314,0.0008769999994910904,core 0 cpu_frequency,None
3.963347999999314,3.9830519999995886,0.01970400000027439,core 0 cpu_idle,0.0005341045056074377
3.9830519999995886,3.9834839999994074,0.00043199999981879955,core 0 cpu_frequency,None
3.9834839999994074,4.002417999999125,0.018933999999717344,core 0 cpu_idle,0.0005132325775923382
4.002417999999125,4.002615999999762,0.00019800000063696643,core 0 cpu_frequency,None
4.002615999999762,4.056981999999152,0.054365999999390624,core 0 cpu_idle,0.0014736665423834819
4.056981999999152,4.05763399999978,0.000652000000627595,core 0 cpu_frequency,None
4.05763399999978,4.1377089999996315,0.08007499999985157,core 0 cpu_idle,0.0021705449799959767
4.1377089999996315,4.142440999999053,0.004731999999421532,core 0 cpu_frequency,None
4.142440999999053,4.162460999999894,0.02002000000084081,core 0 cpu_frequency,None
4.162460999999894,4.1795079999992595,0.017046999999365653,core 0 cpu_frequency,None
4.1795079999992595,4.184870999999475,0.005363000000215834,core 0 cpu_idle,0.0001453716232058505
4.184870999999475,4.186319999999796,0.001449000000320666,core 0 cpu_frequency,None
4.186319999999796,4.202690999999504,0.016370999999708147,core 0 cpu_idle,0.0004437588743920889
4.202690999999504,4.203368999999839,0.0006780000003345776,core 0 cpu_frequency,None
4.203368999999839,4.205494999999246,0.002125999999407213,core 0 cpu_idle,5.7628206383931684e-05
4.205494999999246,4.208271999999852,0.002777000000605767,core 0 cpu_frequency,None
4.208271999999852,4.210363999999572,0.0020919999997204286,core 0 cpu_idle,5.6706588792421823e-05
4.210363999999572,4.212900999999874,0.002537000000302214,core 0 cpu_frequency,None
4.212900999999874,4.4329009999992195,0.21999999999934516,core 0 cpu_idle,0.005963407999982249
4.4329009999992195,4.433061999999154,0.0001609999999345746,core 0 cpu_frequency,None
4.433061999999154,4.474531999999272,0.04147000000011758,core 0 cpu_idle,0.001124102408003187
4.474531999999272,4.584567999999308,0.11003600000003644,core 0 cpu_frequency,None
4.584567999999308,4.609057999999095,0.02448999999978696,core 0 cpu_idle,0.0006638357359942252
4.609057999999095,4.609525999999278,0.00046800000018265564,core 0 cpu_frequency,None
4.609525999999278,4.705355999999483,0.09583000000020547,core 0 cpu_idle,0.0025976063120055695
4.705355999999483,4.707446999999775,0.0020910000002913876,core 0 cpu_frequency,None
4.707446999999775,4.782474999999067,0.07502799999929266,core 0 cpu_idle,0.0020337389791808265
4.782474999999067,4.7825739999998405,9.900000077323057e-05,core 0 cpu_frequency,None
4.7825739999998405,4.802444999999352,0.019870999999511696,core 0 cpu_idle,0.0005386312743867638
4.802444999999352,4.802810999999565,0.0003660000002128072,core 0 cpu_frequency,None
4.802810999999565,4.922614999999496,0.11980399999993097,core 0 cpu_idle,0.003247455145598129
4.922614999999496,4.928023999999823,0.005409000000327069,core 0 cpu_frequency,None
4.928023999999823,4.975663999999597,0.04763999999977386,core 0 cpu_idle,0.0012913488959938701
4.975663999999597,4.976791999999477,0.0011279999998805579,core 0 cpu_frequency,None
4.976791999999477,5.302472999999736,0.3256810000002588,core 0 cpu_idle,0.008828039458407015
5.302472999999736,5.3194589999993696,0.01698599999963335,core 0 cpu_frequency,None
5.3194589999993696,5.322417999999743,0.002959000000373635,core 0 cpu_idle,8.020783761012789e-05
5.322417999999743,5.322508999999627,9.099999988393392e-05,core 0 cpu_frequency,None
5.322508999999627,5.3426889999991545,0.020179999999527354,core 0 cpu_idle,0.0005470071519871882
5.3426889999991545,5.353081999999631,0.010393000000476604,core 0 cpu_frequency,None
5.353081999999631,5.864625999999589,0.511543999999958,core 0 cpu_idle,0.013866116281598862
5.864625999999589,5.864847999999256,0.00022199999966687756,core 0 cpu_frequency,None
5.864847999999256,5.902719999999135,0.037871999999879336,core 0 cpu_idle,0.001026573580796729
5.902719999999135,5.9032549999992625,0.0005350000001271837,core 0 cpu_frequency,None
5.9032549999992625,6.122466999999233,0.21921199999997043,core 0 cpu_idle,0.005942048156799198
6.122466999999233,6.136430999999902,0.01396400000066933,core 0 cpu_frequency,None
6.136430999999902,6.141327999999703,0.004896999999800755,core 0 cpu_idle,0.00013274004079459918
6.141327999999703,6.14913499999966,0.007806999999957043,core 0 cpu_frequency,None
6.14913499999966,6.1491849999993065,4.999999964638846e-05,core 0 cpu_frequency,None
6.1491849999993065,6.174106999999822,0.024922000000515254,core 0 cpu_idle,0.0006755457008139667
6.174106999999822,6.359833999999864,0.1857270000000426,core 0 cpu_frequency,None
6.359833999999864,6.724419999999554,0.3645859999996901,core 0 cpu_idle,0.009882613950391599
6.724419999999554,6.724545999999464,0.00012599999990925426,core 0 cpu_frequency,None
6.724545999999464,6.742702999999892,0.018157000000428525,core 0 cpu_idle,0.0004921709048116157
6.742702999999892,6.7432159999998476,0.0005129999999553547,core 0 cpu_frequency,None
6.7432159999998476,7.222459999999046,0.4792439999991984,core 0 cpu_idle,0.012990579561578272
7.222459999999046,7.22287199999937,0.00041200000032404205,core 0 cpu_frequency,None
7.22287199999937,7.2426849999992555,0.019812999999885506,core 0 cpu_idle,0.0005370591031968964
7.2426849999992555,7.39923699999963,0.1565520000003744,core 0 cpu_frequency,None
7.39923699999963,9.122465999999804,1.723229000000174,core 0 cpu_idle,0.046710534565604714
9.122465999999804,9.12259399999948,0.00012799999967683107,core 0 cpu_frequency,None
9.12259399999948,9.621894999999313,0.49930099999983213,core 0 cpu_idle,0.01353425262639545
9.621894999999313,9.62195999999949,6.500000017695129e-05,core 0 cpu_frequency,None
9.62195999999949,9.625714999999218,0.0037549999997281702,core 0 cpu_idle,0.00010178453199263167
9.625714999999218,9.625912999999855,0.00019800000063696643,core 0 cpu_frequency,None
9.625912999999855,9.66391399999975,0.0380009999998947,core 0 cpu_idle,0.0010300703063971458
9.66391399999975,9.663974999999482,6.099999973230297e-05,core 0 cpu_frequency,None
9.663974999999482,9.671001999999135,0.007026999999652617,core 0 cpu_idle,0.00019047667279058369
9.671001999999135,9.671257999999398,0.00025600000026315683,core 0 cpu_frequency,None
9.671257999999398,9.753732999999556,0.08247500000015862,core 0 cpu_idle,0.0022356003400042994
9.753732999999556,9.75384799999938,0.00011499999982333975,core 0 cpu_frequency,None
9.75384799999938,9.754749999999149,0.000901999999769032,core 0 cpu_idle,2.444997279373929e-05
9.754749999999149,9.754898999999568,0.00014900000041961903,core 0 cpu_frequency,None
9.754898999999568,9.755930999999691,0.0010320000001229346,core 0 cpu_idle,2.7973804803332313e-05
9.755930999999691,9.756034999999429,0.00010399999973742524,core 0 cpu_frequency,None
9.756034999999429,9.756232999999156,0.00019799999972747173,core 0 cpu_idle,5.36706719261274e-06
9.756232999999156,9.756404999999177,0.0001720000000204891,core 0 cpu_frequency,None
9.756404999999177,9.756583999999748,0.00017900000057124998,core 0 cpu_frequency,None
9.756583999999748,9.757610999999088,0.0010269999993397505,core 0 cpu_frequency,None
9.757610999999088,9.757661999999073,5.0999999984924216e-05,core 0 cpu_idle,1.3824263995913497e-06
9.757661999999073,9.757740999999442,7.900000036897836e-05,core 0 cpu_frequency,None
9.757740999999442,9.757841999999073,0.00010099999963131268,core 0 cpu_frequency,None
9.757841999999073,9.757911999999124,7.000000005064066e-05,core 0 cpu_frequency,None
9.757911999999124,9.758459999999104,0.0005479999999806751,core 0 cpu_idle,1.485430719947617e-05
9.758459999999104,9.758519999999407,6.000000030326191e-05,core 0 cpu_frequency,None
9.758519999999407,9.758557999999539,3.80000001314329e-05,core 0 cpu_frequency,None
9.758557999999539,9.758620999999039,6.299999949987978e-05,core 0 cpu_frequency,None
9.758620999999039,9.758671999999933,5.100000089441892e-05,core 0 cpu_frequency,None
9.758671999999933,9.758747999999287,7.59999993533711e-05,core 0 cpu_frequency,None
9.758747999999287,9.759000999999444,0.00025300000015704427,core 0 cpu_frequency,None
9.759000999999444,9.759149999999863,0.00014900000041961903,core 0 cpu_idle,4.038853611374361e-06
9.759149999999863,9.759205999999722,5.599999985861359e-05,core 0 cpu_frequency,None
9.759205999999722,9.759300999999141,9.499999941908754e-05,core 0 cpu_frequency,None
9.759300999999141,9.759356999999909,5.6000000768108293e-05,core 0 cpu_frequency,None
9.759356999999909,9.759413999999197,5.6999999287654646e-05,core 0 cpu_frequency,None
9.759413999999197,9.759471999999732,5.80000005356851e-05,core 0 cpu_frequency,None
9.759471999999732,9.759526999999252,5.4999999520077836e-05,core 0 cpu_frequency,None
9.759526999999252,9.759568999999829,4.200000057608122e-05,core 0 cpu_frequency,None
9.759568999999829,9.759601999999177,3.299999934824882e-05,core 0 cpu_frequency,None
9.759601999999177,9.759623999999349,2.2000000171829015e-05,core 0 cpu_frequency,None
9.759623999999349,9.759907999999086,0.0002839999997377163,core 0 cpu_frequency,None
9.759907999999086,9.7603509999999,0.00044300000081420876,core 0 cpu_idle,1.2008135222070269e-05
9.7603509999999,9.76039899999978,4.799999987881165e-05,core 0 cpu_frequency,None
9.76039899999978,9.760486999999557,8.799999977782136e-05,core 0 cpu_frequency,None
9.760486999999557,9.760533999999097,4.6999999540275894e-05,core 0 cpu_frequency,None
9.760533999999097,9.76060199999938,6.800000028306386e-05,core 0 cpu_frequency,None
9.76060199999938,9.760650999999598,4.9000000217347406e-05,core 0 cpu_frequency,None
9.760650999999598,9.76068799999939,3.699999979289714e-05,core 0 cpu_frequency,None
9.76068799999939,9.760752999999568,6.500000017695129e-05,core 0 cpu_frequency,None
9.760752999999568,9.760802999999214,4.999999964638846e-05,core 0 cpu_frequency,None
9.760802999999214,9.760864999999285,6.200000007083872e-05,core 0 cpu_frequency,None
9.760864999999285,9.761023999999452,0.00015900000016699778,core 0 cpu_idle,4.309917604526709e-06
9.761023999999452,9.761074999999437,5.0999999984924216e-05,core 0 cpu_frequency,None
9.761074999999437,9.762525999999525,0.0014510000000882428,core 0 cpu_frequency,None
9.762525999999525,9.77061699999922,0.008090999999694759,core 0 cpu_idle,0.000219317882391726
9.77061699999922,9.77071799999976,0.00010100000054080738,core 0 cpu_frequency,None
9.77071799999976,9.926009999999224,0.15529199999946286,core 0 cpu_idle,0.00420940706878544
9.926009999999224,9.926602999999886,0.0005930000006628688,core 0 cpu_frequency,None
9.926602999999886,9.926612999999634,9.999999747378752e-06,core 0 cpu_idle,2.7106399315234737e-07
9.926612999999634,9.926710999999159,9.799999952520011e-05,core 0 cpu_frequency,None
9.926710999999159,9.926815999999235,0.000105000000075961,core 0 cpu_idle,2.846172002059029e-06
9.926815999999235,9.926818999999341,3.000000106112566e-06,core 0 cpu_frequency,None
9.926818999999341,9.927849999999125,0.0010309999997843988,core 0 cpu_idle,2.7946698394155827e-05
9.927849999999125,9.927925999999388,7.60000002628658e-05,core 0 cpu_frequency,None
9.927925999999388,9.927977999999712,5.200000032345997e-05,core 0 cpu_frequency,None
9.927977999999712,9.927993999999671,1.5999999959603883e-05,core 0 cpu_idle,4.337023989050067e-07
9.927993999999671,9.928289999999834,0.00029600000016216654,core 0 cpu_frequency,None
9.928289999999834,9.928302999999687,1.2999999853491317e-05,core 0 cpu_idle,3.52383196028677e-07
9.928302999999687,9.92838699999993,8.400000024266774e-05,core 0 cpu_frequency,None
9.92838699999993,9.92925699999978,0.0008699999998498242,core 0 cpu_frequency,None
9.92925699999978,9.95243599999958,0.0231789999998,core 0 cpu_idle,0.0006282992455945787
9.95243599999958,9.95275699999911,0.0003209999995306134,core 0 cpu_frequency,None
9.95275699999911,9.95516299999963,0.0024060000005192705,core 0 cpu_idle,6.521799841407556e-05
9.95516299999963,9.955222999999933,6.000000030326191e-05,core 0 cpu_frequency,None
9.955222999999933,10.360720999999103,0.40549799999917013,core 0 cpu_idle,0.010991590987177505
10.360720999999103,10.362461999999141,0.0017410000000381842,core 0 cpu_frequency,None
10.362461999999141,10.391130999999405,0.028669000000263622,core 0 cpu_frequency,None
10.391130999999405,10.903258999999707,0.5121280000003026,core 0 cpu_idle,0.0138819464192082
10.903258999999707,10.916393999999855,0.013135000000147556,core 0 cpu_frequency,None
10.916393999999855,10.946521999999277,0.030127999999422173,core 0 cpu_idle,0.0008166616191843372
10.946521999999277,11.075375999999778,0.1288540000005014,core 0 cpu_frequency,None
11.075375999999778,11.142470999999205,0.06709499999942636,core 0 cpu_idle,0.0018187039079844507
11.142470999999205,11.142878999999084,0.0004079999998793937,core 0 cpu_frequency,None
11.142878999999084,11.172437999999602,0.0295590000005177,core 0 cpu_idle,0.000801238077614033
11.172437999999602,11.173389999999927,0.0009520000003249152,core 0 cpu_frequency,None
11.173389999999927,11.182424999999057,0.009034999999130378,core 0 cpu_idle,0.00024490632397642764
11.182424999999057,11.182632999999441,0.00020800000038434519,core 0 cpu_frequency,None
11.182632999999441,11.555935999999747,0.3733030000003055,core 0 cpu_idle,0.01011890043920828
11.555935999999747,11.557788999999502,0.0018529999997554114,core 0 cpu_frequency,None
11.557788999999502,11.613232999999127,0.05544399999962479,core 0 cpu_idle,0.0015028872415898294
11.613232999999127,11.631549999999152,0.018317000000024564,core 0 cpu_frequency,None
11.631549999999152,12.082180999999764,0.4506310000006124,core 0 cpu_idle,0.0122149841384166
12.082180999999764,12.082438999999795,0.00025800000003073364,core 0 cpu_frequency,None
12.082438999999795,12.086095999999088,0.0036569999992934754,core 0 cpu_frequency,None
12.086095999999088,12.102503999999499,0.01640800000041054,core 0 cpu_idle,0.0004447618112111282
12.102503999999499,12.102645999999368,0.00014199999986885814,core 0 cpu_frequency,None
12.102645999999368,12.122432999999546,0.019787000000178523,core 0 cpu_idle,0.0005363543368048391
12.122432999999546,12.122589999999036,0.00015699999948992627,core 0 cpu_frequency,None
12.122589999999036,14.762459999999919,2.639870000000883,core 0 cpu_idle,0.07155737216802394
14.762459999999919,14.782436999999845,0.019976999999926193,core 0 cpu_frequency,None
14.782436999999845,14.791261999999733,0.00882499999988795,core 0 cpu_frequency,None
14.791261999999733,14.81372999999985,0.022468000000117172,core 0 cpu_idle,0.0006090265952031761
14.81372999999985,14.813795999999456,6.599999960599234e-05,core 0 cpu_frequency,None
14.813795999999456,14.822754999999233,0.008958999999777006,core 0 cpu_idle,0.00024284623759395545
14.822754999999233,14.823598999999376,0.0008440000001428416,core 0 cpu_frequency,None
14.823598999999376,14.902140999999574,0.07854200000019773,core 0 cpu_idle,0.0021289908688053596
14.902140999999574,14.902395999999499,0.0002549999999246211,core 0 cpu_frequency,None
14.902395999999499,14.922464999999647,0.020069000000148662,core 0 cpu_idle,0.0005439983416040296
14.922464999999647,14.922840999999607,0.00037599999996018596,core 0 cpu_frequency,None
14.922840999999607,14.942426999999043,0.019585999999435444,core 0 cpu_idle,0.0005309059503846969
14.942426999999043,14.946726999999555,0.004300000000512227,core 0 cpu_frequency,None
14.946726999999555,15.944572999999764,0.9978460000002087,core 0 cpu_idle,0.027048012814405657
15.944572999999764,15.973014999999577,0.02844199999981356,core 0 cpu_frequency,None
15.973014999999577,15.982719999999063,0.009704999999485153,core 0 cpu_idle,0.00026306761198604433
15.982719999999063,15.98311399999966,0.00039400000059686136,core 0 cpu_frequency,None
15.98311399999966,16.10468799999944,0.12157399999978225,core 0 cpu_idle,0.0032954334735940975
16.10468799999944,16.104920999999194,0.00023299999975279206,core 0 cpu_frequency,None
16.104920999999194,16.12877599999956,0.023855000000367,core 0 cpu_idle,0.000646623172009948
16.12877599999956,16.130497999999534,0.0017219999999724678,core 0 cpu_frequency,None
16.130497999999534,19.799482999999782,3.668985000000248,core 0 cpu_idle,0.09945297500400672
19.799482999999782,19.799501999999848,1.900000006571645e-05,core 0 cpu_frequency,None
19.799501999999848,19.805194999999912,0.005693000000064785,core 0 cpu_idle,0.0001543167352017561
19.805194999999912,19.805264999999054,6.999999914114596e-05,core 0 cpu_frequency,None
19.805264999999054,20.10251099999914,0.2972460000000865,core 0 cpu_idle,0.008057268974402345
20.10251099999914,20.122454999999718,0.019944000000577944,core 0 cpu_frequency,None
20.122454999999718,20.223085999999057,0.10063099999933911,core 0 cpu_frequency,None
20.223085999999057,20.242456999999376,0.019371000000319327,core 0 cpu_idle,0.0005250780744086558
20.242456999999376,20.24255599999924,9.899999986373587e-05,core 0 cpu_frequency,None
20.24255599999924,20.983211999999185,0.7406559999999445,core 0 cpu_idle,0.020076517798398495
20.983211999999185,20.98359199999959,0.0003800000004048343,core 0 cpu_frequency,None
20.98359199999959,21.02271799999926,0.03912599999966915,core 0 cpu_idle,0.0010605650063910317
21.02271799999926,21.023043999999572,0.0003260000003137975,core 0 cpu_frequency,None
21.023043999999572,26.023266999999578,5.000223000000005,core 0 cpu_idle,0.13553804472720013
26.023266999999578,26.023308999999244,4.199999966658652e-05,core 0 cpu_frequency,None
26.023308999999244,26.10394499999984,0.08063600000059523,core 0 cpu_idle,0.0021857516704161346
26.10394499999984,26.164083999999093,0.06013899999925343,core 0 cpu_frequency,None
26.164083999999093,29.214867999999115,3.0507840000000215,core 0 cpu_idle,0.08269577141760058
29.214867999999115,29.217397999999775,0.002530000000660948,core 0 cpu_frequency,None
29.217397999999775,29.222763999999188,0.005365999999412452,core 0 cpu_idle,0.00014545294238407368
29.222763999999188,29.233000999999604,0.010237000000415719,core 0 cpu_frequency,None
29.233000999999604,29.62250199999926,0.3895009999996546,core 0 cpu_idle,0.010557969906390637
29.62250199999926,29.640158999999585,0.01765700000032666,core 0 cpu_frequency,None
29.640158999999585,29.641130999999405,0.0009719999998196727,core 0 cpu_frequency,None
29.641130999999405,29.642870999999104,0.0017399999996996485,core 0 cpu_idle,4.716513599185855e-05
29.642870999999104,29.64337699999942,0.0005060000003140885,core 0 cpu_frequency,None
29.64337699999942,29.662413999999444,0.019037000000025728,core 0 cpu_idle,0.0005160245368006973
29.662413999999444,29.764986999999564,0.10257300000012037,core 0 cpu_frequency,None
29.764986999999564,30.022757999999158,0.2577709999995932,core 0 cpu_idle,0.006987243834388973
30.022757999999158,30.02336799999921,0.0006100000000515138,core 0 cpu_frequency,None
30.02336799999921,30.024426999999378,0.001059000000168453,core 0 cpu_idle,2.8705677604566153e-05
30.024426999999378,30.024637999999868,0.00021100000049045775,core 0 cpu_frequency,None
30.024637999999868,30.028377999999066,0.0037399999991976074,core 0 cpu_idle,0.00010137793597825003
30.028377999999066,30.029136999999537,0.0007590000004711328,core 0 cpu_frequency,None
30.029136999999537,30.029241999999613,0.000105000000075961,core 0 cpu_idle,2.846172002059029e-06
30.029241999999613,30.029499999999643,0.00025800000003073364,core 0 cpu_frequency,None
30.029499999999643,30.04240799999934,0.012907999999697495,core 0 cpu_idle,0.00034988941119180016
30.04240799999934,30.043139999999767,0.0007320000004256144,core 0 cpu_frequency,None
30.043139999999767,30.062733999999182,0.019593999999415246,core 0 cpu_idle,0.0005311228015841494
30.062733999999182,30.063145999999506,0.00041200000032404205,core 0 cpu_frequency,None
30.063145999999506,31.06443699999909,1.0012909999995827,core 0 cpu_idle,0.027141394362388688
31.06443699999909,31.07709199999954,0.012655000000449945,core 0 cpu_frequency,None
31.07709199999954,31.0827019999997,0.005610000000160653,core 0 cpu_idle,0.00015206690400435474
31.0827019999997,31.093024999999216,0.010322999999516469,core 0 cpu_frequency,None
31.093024999999216,35.50248399999964,4.409459000000425,core 0 cpu_idle,0.1195245594376115
35.50248399999964,35.505386999999246,0.0029029999996055267,core 0 cpu_frequency,None
35.505386999999246,60.262675999999374,24.757289000000128,core 0 cpu_idle,0.6710809785496035
60.262675999999374,60.26339999999982,0.0007240000004458125,core 0 cpu_frequency,None
60.26339999999982,79.5824879999991,19.319087999999283,core 0 cpu_idle,0.5236709269631805
79.5824879999991,79.58723099999952,0.0047430000004169415,core 0 cpu_frequency,None
79.58723099999952,79.67296599999918,0.08573499999965861,core 0 cpu_idle,0.0023239672039907463
79.67296599999918,79.69211399999949,0.019148000000313914,core 0 cpu_frequency,None
79.69211399999949,89.94244299999991,10.25032900000042,core 0 cpu_idle,0.27784951800561136
89.94244299999991,89.95356599999923,0.011122999999315653,core 0 cpu_frequency,None
89.95356599999923,89.9626389999994,0.009073000000171305,core 0 cpu_idle,0.00024593636720464347
89.9626389999994,89.96556399999918,0.0029249999997773557,core 0 cpu_frequency,None
89.96556399999918,90.07119199999943,0.10562800000025163,core 0 cpu_idle,0.0028631948192068208
90.07119199999943,90.07349999999951,0.0023080000000845757,core 0 cpu_frequency,None
90.07349999999951,94.99369699999988,4.920197000000371,core 0 cpu_idle,0.13336882796081007
94.99369699999988,94.9937259999997,2.89999998130952e-05,core 0 cpu_frequency,None
94.9937259999997,95.00247799999943,0.008751999999731197,core 0 cpu_idle,0.0002372352127927137
95.00247799999943,95.00319899999977,0.0007210000003396999,core 0 cpu_frequency,None
95.00319899999977,96.60246499999903,1.5992659999992611,core 0 cpu_idle,0.04335034390237997
96.60246499999903,96.71130099999937,0.10883600000033766,core 0 cpu_frequency,None
96.71130099999937,96.74353999999948,0.03223900000011781,core 0 cpu_frequency,None
96.74353999999948,101.62456699999984,4.881027000000358,core 0 cpu_idle,0.13230707027280972
101.62456699999984,101.63296699999955,0.008399999999710417,core 0 cpu_frequency,None
101.63296699999955,101.74739899999986,0.11443200000030629,core 0 cpu_idle,0.0031018395648083025
101.74739899999986,102.45386399999916,0.706464999999298,core 0 cpu_frequency,None
102.45386399999916,106.6824429999997,4.228579000000536,core 0 cpu_idle,0.11462155380561453
106.6824429999997,106.68255399999907,0.00011099999937869143,core 0 cpu_frequency,None
106.68255399999907,106.77281699999912,0.09026300000004994,core 0 cpu_idle,0.0024467049832013537
106.77281699999912,107.10295399999904,0.3301369999999224,core 0 cpu_frequency,None
107.10295399999904,111.96534999999949,4.8623960000004445,core 0 cpu_idle,0.13180205093441205
111.96534999999949,112.29148999999961,0.3261400000001231,core 0 cpu_frequency,None
112.29148999999961,112.29161099999965,0.00012100000003556488,core 0 cpu_frequency,None
112.29161099999965,123.66248199999973,11.37087100000008,core 0 cpu_idle,0.30822337767440217
123.66248199999973,123.66576599999917,0.003283999999439402,core 0 cpu_frequency,None
123.66576599999917,123.6991739999994,0.033408000000235916,core 0 cpu_idle,0.0009055706112063948
123.6991739999994,123.87249199999951,0.17331800000010844,core 0 cpu_frequency,None
123.87249199999951,129.76247599999988,5.889984000000368,core 0 cpu_idle,0.15965626229760996
129.76247599999988,129.78243099999963,0.019954999999754364,core 0 cpu_frequency,None
129.78243099999963,129.7890439999992,0.006612999999560998,core 0 cpu_frequency,None
129.7890439999992,129.80239699999947,0.01335300000027928,core 0 cpu_idle,0.0003619517592075703
129.80239699999947,129.80611299999964,0.0037160000001676963,core 0 cpu_frequency,None
129.80611299999964,129.82239599999957,0.016282999999930325,core 0 cpu_idle,0.00044137351119811135
129.82239599999957,129.82690399999956,0.004507999999987078,core 0 cpu_frequency,None
129.82690399999956,129.8424159999995,0.015511999999944237,core 0 cpu_idle,0.00042047447679848844
129.8424159999995,129.84251499999937,9.899999986373587e-05,core 0 cpu_frequency,None
129.84251499999937,129.8624259999997,0.0199110000003202,core 0 cpu_idle,0.0005397155304086795
129.8624259999997,129.8649289999994,0.002502999999705935,core 0 cpu_frequency,None
129.8649289999994,129.88242199999968,0.017493000000285974,core 0 cpu_idle,0.0004741722552077517
129.88242199999968,129.8825199999992,9.799999952520011e-05,core 0 cpu_frequency,None
129.8825199999992,129.90241999999944,0.019900000000234286,core 0 cpu_idle,0.0005394173600063506
129.90241999999944,129.90260799999942,0.00018799999998009298,core 0 cpu_frequency,None
129.90260799999942,129.9227039999996,0.02009600000019418,core 0 cpu_idle,0.0005447302144052635
129.9227039999996,129.92311399999926,0.00040999999964697054,core 0 cpu_frequency,None
129.92311399999926,132.86248499999965,2.939371000000392,core 0 cpu_idle,0.07967576607441063
132.86248499999965,132.88244799999939,0.019962999999734166,core 0 cpu_frequency,None
132.88244799999939,132.90243799999917,0.019989999999779684,core 0 cpu_frequency,None
132.90243799999917,132.91494499999953,0.012507000000368862,core 0 cpu_frequency,None
132.91494499999953,132.92762399999992,0.012679000000389351,core 0 cpu_idle,0.0003436820456105539
132.92762399999992,132.9276949999994,7.099999947968172e-05,core 0 cpu_frequency,None
132.9276949999994,132.9881689999993,0.060473999999885564,core 0 cpu_idle,0.001639232433596898
132.9881689999993,133.00064199999906,0.012472999999772583,core 0 cpu_frequency,None
133.00064199999906,137.91637599999922,4.915734000000157,core 0 cpu_idle,0.13324785209760426
137.91637599999922,137.91667199999938,0.00029600000016216654,core 0 cpu_frequency,None
137.91667199999938,138.1134919999995,0.19682000000011612,core 0 cpu_idle,0.005335081648003148
138.1134919999995,138.1136609999994,0.00016899999991437653,core 0 cpu_frequency,None
138.1136609999994,139.0624799999996,0.948819000000185,core 0 cpu_idle,0.025719067341605017
139.0624799999996,139.0629799999997,0.0005000000001018634,core 0 cpu_frequency,None
139.0629799999997,139.08243499999935,0.0194549999996525,core 0 cpu_idle,0.0005273550119905805
139.08243499999935,139.08254999999917,0.00011499999982333975,core 0 cpu_frequency,None
139.08254999999917,140.2424859999992,1.159936000000016,core 0 cpu_idle,0.03144168919040043
140.2424859999992,140.24258699999973,0.00010100000054080738,core 0 cpu_frequency,None
140.24258699999973,140.26268299999992,0.02009600000019418,core 0 cpu_idle,0.0005447302144052635
140.26268299999992,140.26284899999973,0.00016599999980826396,core 0 cpu_frequency,None
140.26284899999973,165.1224659999998,24.85961700000007,core 0 cpu_idle,0.6738547222488019
165.1224659999998,165.14241999999922,0.019953999999415828,core 0 cpu_frequency,None
165.14241999999922,165.15406499999972,0.01164500000049884,core 0 cpu_frequency,None
165.15406499999972,165.1737209999992,0.019655999999486085,core 0 cpu_idle,0.0005328033983860696
165.1737209999992,165.17378599999938,6.500000017695129e-05,core 0 cpu_frequency,None
165.17378599999938,165.2239039999995,0.05011800000011135,core 0 cpu_idle,0.0013585185552030183
165.2239039999995,165.26861599999938,0.044711999999890395,core 0 cpu_frequency,None
165.26861599999938,167.7424799999999,2.4738640000005034,core 0 cpu_idle,0.06705754712961365
167.7424799999999,167.74566199999936,0.0031819999994695536,core 0 cpu_frequency,None
167.74566199999936,167.76252399999976,0.016862000000401167,core 0 cpu_idle,0.00045706811681087416
167.76252399999976,167.76397899999938,0.0014549999996233964,core 0 cpu_frequency,None
167.76397899999938,170.1954169999999,2.431438000000526,core 0 cpu_idle,0.06590753100321425
170.1954169999999,170.1956309999996,0.00021399999968707561,core 0 cpu_frequency,None
170.1956309999996,170.26985299999978,0.07422200000019075,core 0 cpu_idle,0.00201189122080517
170.26985299999978,170.2700219999997,0.00016899999991437653,core 0 cpu_frequency,None
170.2700219999997,174.24721599999975,3.977194000000054,core 0 cpu_idle,0.10780741144160147
174.24721599999975,174.2473659999996,0.00014999999984866008,core 0 cpu_frequency,None
174.2473659999996,174.26240299999972,0.015037000000120315,core 0 cpu_idle,0.0004075989368032613
174.26240299999972,174.2630939999999,0.000691000000188069,core 0 cpu_frequency,None
174.2630939999999,174.28246899999976,0.01937499999985448,core 0 cpu_idle,0.0005251864999960555
174.28246899999976,174.2828129999998,0.0003440000000409782,core 0 cpu_frequency,None
174.2828129999998,181.34249099999943,7.0596779999996215,core 0 cpu_idle,0.19136245573918972
181.34249099999943,181.34261999999944,0.00012900000001536682,core 0 cpu_frequency,None
181.34261999999944,181.36242799999945,0.019808000000011816,core 0 cpu_idle,0.0005369235712003202
181.36242799999945,181.36276599999928,0.00033799999982875306,core 0 cpu_frequency,None
181.36276599999928,181.38245899999947,0.019693000000188476,core 0 cpu_idle,0.000533806335205109
181.38245899999947,181.38283299999966,0.00037400000019260915,core 0 cpu_frequency,None
181.38283299999966,181.4027759999999,0.019943000000239408,core 0 cpu_idle,0.0005405829352064895
181.4027759999999,181.40288899999905,0.00011299999914626824,core 0 cpu_frequency,None
181.40288899999905,181.42247399999906,0.019585000000006403,core 0 cpu_idle,0.0005308788440001735
181.42247399999906,181.4225379999998,6.400000074791024e-05,core 0 cpu_frequency,None
181.4225379999998,181.4424429999999,0.019905000000107975,core 0 cpu_idle,0.0005395528920029268
181.4424429999999,181.44258999999965,0.00014699999974254752,core 0 cpu_frequency,None
181.44258999999965,181.48251699999946,0.03992699999980687,core 0 cpu_idle,0.0010822772327947648
181.48251699999946,181.4826409999996,0.00012400000014167745,core 0 cpu_frequency,None
181.4826409999996,181.5024259999991,0.01978499999950145,core 0 cpu_idle,0.0005363001239864861
181.5024259999991,181.5025029999997,7.700000060140155e-05,core 0 cpu_frequency,None
181.5025029999997,181.52241499999946,0.01991199999974924,core 0 cpu_idle,0.0005397426367932029
181.52241499999946,181.5226479999992,0.00023299999975279206,core 0 cpu_frequency,None
181.5226479999992,181.6024639999996,0.0798160000003918,core 0 cpu_idle,0.00216352442241062
181.6024639999996,181.60617399999956,0.003709999999955471,core 0 cpu_frequency,None
181.60617399999956,181.62245599999915,0.01628199999959179,core 0 cpu_idle,0.00044134640478893486
181.62245599999915,181.6226949999991,0.0002389999999650172,core 0 cpu_frequency,None
181.6226949999991,181.64245499999925,0.019760000000133005,core 0 cpu_idle,0.0005356224640036052
181.64245499999925,181.6426849999998,0.0002300000005561742,core 0 cpu_frequency,None
181.6426849999998,181.6824979999992,0.03981299999941257,core 0 cpu_idle,0.0010791871031840768
181.6824979999992,181.70242699999926,0.01992900000004738,core 0 cpu_frequency,None
181.70242699999926,181.70342899999923,0.0010019999999713036,core 0 cpu_frequency,None
181.70342899999923,181.72899999999936,0.025571000000127242,core 0 cpu_idle,0.000693137754403449
0.0,1.8078139999997802,1.8078139999997802,core 1 cpu_idle start,0.04900332940959404
1.8078139999997802,1.9626079999998183,0.15479400000003807,core 1 cpu_idle,0.004195908081601031
1.9626079999998183,1.9732899999999063,0.01068200000008801,core 1 cpu_frequency,None
1.9732899999999063,2.042551999999887,0.06926199999998062,core 1 cpu_idle,0.0018774434767994746
2.042551999999887,2.042953999999554,0.0004019999996671686,core 1 cpu_frequency,None
2.042953999999554,2.0827489999992395,0.03979499999968539,core 1 cpu_idle,0.001078699187991472
2.0827489999992395,2.082840999999462,9.200000022246968e-05,core 1 cpu_frequency,None
2.082840999999462,2.7110509999993155,0.6282099999998536,core 1 cpu_idle,0.017028511543996032
2.7110509999993155,2.711975999999595,0.0009250000002793968,core 1 cpu_frequency,None
2.711975999999595,2.7226569999993444,0.010680999999749474,core 1 cpu_idle,0.00028952345839320916
2.7226569999993444,2.7228219999997236,0.0001650000003792229,core 1 cpu_frequency,None
2.7228219999997236,3.9624749999993583,1.2396529999996346,core 1 cpu_idle,0.0336025300791901
3.9624749999993583,3.9631809999991674,0.0007059999998091371,core 1 cpu_frequency,None
3.9631809999991674,3.983053999999356,0.019873000000188767,core 1 cpu_idle,0.0005386854872051168
3.983053999999356,4.002420999999231,0.01936699999987468,core 1 cpu_frequency,None
4.002420999999231,4.002617999999529,0.00019700000029843068,core 1 cpu_frequency,None
4.002617999999529,4.057008999999198,0.054390999999668566,core 1 cpu_idle,0.0014743442023910159
4.057008999999198,4.057654999999613,0.0006460000004153699,core 1 cpu_frequency,None
4.057654999999613,4.137710999999399,0.08005599999978585,core 1 cpu_idle,0.002170029958394195
4.137710999999399,4.1377239999992526,1.2999999853491317e-05,core 1 cpu_frequency,None
4.1377239999992526,4.142451999999139,0.004727999999886379,core 1 cpu_idle,0.00012815905919692013
4.142451999999139,4.162467999999535,0.02001600000039616,core 1 cpu_frequency,None
4.162467999999535,4.179445999999189,0.016977999999653548,core 1 cpu_frequency,None
4.179445999999189,4.184871999999814,0.0054260000006252085,core 1 cpu_idle,0.00014707932641694715
4.184871999999814,4.184896999999182,2.499999936844688e-05,core 1 cpu_frequency,None
4.184896999999182,4.202703999999358,0.01780700000017532,core 1 cpu_idle,0.00048268366480475235
4.202703999999358,4.203035999999884,0.00033200000052602263,core 1 cpu_frequency,None
4.203035999999884,4.205498999999691,0.002462999999806925,core 1 cpu_idle,6.676306319476643e-05
4.205498999999691,4.206466999999066,0.0009679999993750243,core 1 cpu_frequency,None
4.206466999999066,4.210366999999678,0.0039000000006126356,core 1 cpu_idle,0.00010571496001660634
4.210366999999678,4.212869999999384,0.002502999999705935,core 1 cpu_frequency,None
4.212869999999384,4.432903999999326,0.22003399999994144,core 1 cpu_idle,0.0059643296175984125
4.432903999999326,4.433703999999125,0.0007999999997991836,core 1 cpu_frequency,None
4.433703999999125,4.474561999999423,0.04085800000029849,core 1 cpu_idle,0.001107513291208091
4.474561999999423,4.474670999999034,0.00010899999961111462,core 1 cpu_frequency,None
4.474670999999034,4.60906199999954,0.1343910000005053,core 1 cpu_idle,0.003642856202413697
4.60906199999954,4.7053649999998015,0.09630300000026182,core 1 cpu_frequency,None
4.7053649999998015,4.707568999999239,0.002203999999437656,core 1 cpu_frequency,None
4.707568999999239,4.78247999999985,0.07491100000061124,core 1 cpu_idle,0.0020305675304165684
4.78247999999985,4.782709999999497,0.0002299999996466795,core 1 cpu_frequency,None
4.782709999999497,4.8024549999990995,0.01974499999960244,core 1 cpu_idle,0.0005352158679892236
4.8024549999990995,4.8026789999994435,0.00022400000034394907,core 1 cpu_frequency,None
4.8026789999994435,4.9226169999992635,0.11993799999982002,core 1 cpu_idle,0.0032510874031951215
4.9226169999992635,4.922687999999653,7.100000038917642e-05,core 1 cpu_frequency,None
4.922687999999653,4.975664999999935,0.052977000000282715,core 1 cpu_idle,0.0014360157528076633
4.975664999999935,4.979064999999537,0.0033999999996012775,core 1 cpu_frequency,None
4.979064999999537,5.30247799999961,0.3234130000000732,core 1 cpu_idle,0.008766562143201985
5.30247799999961,5.3026539999991655,0.00017599999955564272,core 1 cpu_frequency,None
5.3026539999991655,5.322420999999849,0.019767000000683765,core 1 cpu_idle,0.0005358122088185344
5.322420999999849,5.322606999999152,0.00018599999930302147,core 1 cpu_frequency,None
5.322606999999152,5.34269999999924,0.020093000000088068,core 1 cpu_idle,0.0005446488952023872
5.34269999999924,5.3429409999998825,0.0002410000006420887,core 1 cpu_frequency,None
5.3429409999998825,5.864630999999463,0.5216899999995803,core 1 cpu_idle,0.014141137815988624
5.864630999999463,5.86522099999911,0.0005899999996472616,core 1 cpu_frequency,None
5.86522099999911,5.902729999999792,0.037509000000682136,core 1 cpu_idle,0.0010167339576184903
5.902729999999792,5.90288099999907,0.00015099999927770114,core 1 cpu_frequency,None
5.90288099999907,6.122471999999107,0.21959100000003673,core 1 cpu_idle,0.005952321482400995
6.122471999999107,6.1230659999991985,0.0005940000000919099,core 1 cpu_frequency,None
6.1230659999991985,6.141328999999132,0.018262999999933527,core 1 cpu_idle,0.0004950441831981982
6.141328999999132,6.141335999999683,7.0000005507608876e-06,core 1 cpu_frequency,None
6.141335999999683,6.149137999999766,0.007802000000083353,core 1 cpu_idle,0.0002114841328022594
6.149137999999766,6.149472999999489,0.0003349999997226405,core 1 cpu_frequency,None
6.149472999999489,6.174118999999337,0.024645999999847845,core 1 cpu_idle,0.0006680643343958756
6.174118999999337,6.174193999999261,7.499999992433004e-05,core 1 cpu_frequency,None
6.174193999999261,6.724426999999196,0.5502329999999347,core 1 cpu_idle,0.01491483579119823
6.724426999999196,6.726169999999911,0.0017430000007152557,core 1 cpu_frequency,None
6.726169999999911,6.742710999999872,0.01654099999996106,core 1 cpu_idle,0.00044836696239894446
6.742710999999872,6.742859999999382,0.00014899999951012433,core 1 cpu_frequency,None
6.742859999999382,7.222464999999829,0.47960500000044703,core 1 cpu_idle,0.013000364972012117
7.222464999999829,7.222770999999739,0.0003059999999095453,core 1 cpu_frequency,None
7.222770999999739,7.242693999999574,0.019922999999835156,core 1 cpu_idle,0.0005400408071955316
7.242693999999574,7.242881999999554,0.00018799999998009298,core 1 cpu_frequency,None
7.242881999999554,9.122471999999107,1.8795899999995527,core 1 cpu_idle,0.050948918375987876
9.122471999999107,9.122786999999335,0.000315000000227883,core 1 cpu_frequency,None
9.122786999999335,9.621894999999313,0.49910799999997835,core 1 cpu_idle,0.013529021091199413
9.621894999999313,9.62263399999938,0.0007390000000668806,core 1 cpu_frequency,None
9.62263399999938,9.625719999999092,0.0030859999997119303,core 1 cpu_idle,8.365035039219146e-05
9.625719999999092,9.625821999999062,0.00010199999996984843,core 1 cpu_frequency,None
9.625821999999062,9.663915999999517,0.03809400000045571,core 1 cpu_idle,0.0010325912016123525
9.663915999999517,9.670405999999275,0.006489999999757856,core 1 cpu_frequency,None
9.670405999999275,9.671003999999812,0.0005980000005365582,core 1 cpu_idle,1.620962721454416e-05
9.671003999999812,9.681010999999671,0.010006999999859545,core 1 cpu_frequency,None
9.681010999999671,9.753734999999324,0.07272399999965273,core 1 cpu_idle,0.001971285833590587
9.753734999999324,9.754751999999826,0.0010170000005018665,core 1 cpu_frequency,None
9.754751999999826,9.755039999999099,0.0002879999992728699,core 1 cpu_frequency,None
9.755039999999099,9.75593199999912,0.0008920000000216532,core 1 cpu_idle,2.417890880058694e-05
9.75593199999912,9.756404999999177,0.000473000000056345,core 1 cpu_frequency,None
9.756404999999177,9.756544999999278,0.00014000000010128133,core 1 cpu_frequency,None
9.756544999999278,9.756544999999278,0.0,core 1 cpu_idle,0.0
9.756544999999278,9.756584999999177,3.999999989900971e-05,core 1 cpu_frequency,None
9.756584999999177,9.756635999999162,5.0999999984924216e-05,core 1 cpu_frequency,None
9.756635999999162,9.75766399999975,0.001028000000587781,core 1 cpu_idle,2.7865379215932624e-05
9.75766399999975,9.75771099999929,4.6999999540275894e-05,core 1 cpu_frequency,None
9.75771099999929,9.75774299999921,3.199999991920777e-05,core 1 cpu_idle,8.674047978100134e-07
9.75774299999921,9.757842999999411,0.00010000000020227162,core 1 cpu_frequency,None
9.757842999999411,9.75794599999972,0.00010300000030838419,core 1 cpu_frequency,None
9.75794599999972,9.758460999999443,0.0005149999997229315,core 1 cpu_idle,1.3959795992489671e-05
9.758460999999443,9.758520999999746,6.000000030326191e-05,core 1 cpu_frequency,None
9.758520999999746,9.758557999999539,3.699999979289714e-05,core 1 cpu_frequency,None
9.758557999999539,9.758623999999145,6.599999960599234e-05,core 1 cpu_frequency,None
9.758623999999145,9.758671999999933,4.800000078830635e-05,core 1 cpu_frequency,None
9.758671999999933,9.758749999999054,7.79999991209479e-05,core 1 cpu_frequency,None
9.758749999999054,9.759150999999292,0.00040100000023812754,core 1 cpu_frequency,None
9.759150999999292,9.759208999999828,5.80000005356851e-05,core 1 cpu_frequency,None
9.759208999999828,9.759300999999141,9.199999931297498e-05,core 1 cpu_frequency,None
9.759300999999141,9.759358999999677,5.80000005356851e-05,core 1 cpu_frequency,None
9.759358999999677,9.759414999999535,5.599999985861359e-05,core 1 cpu_frequency,None
9.759414999999535,9.7594739999995,5.899999996472616e-05,core 1 cpu_frequency,None
9.7594739999995,9.759526999999252,5.2999999752501026e-05,core 1 cpu_frequency,None
9.759526999999252,9.759572999999364,4.600000011123484e-05,core 1 cpu_frequency,None
9.759572999999364,9.759601999999177,2.89999998130952e-05,core 1 cpu_frequency,None
9.759601999999177,9.759623999999349,2.2000000171829015e-05,core 1 cpu_frequency,None
9.759623999999349,9.76008499999989,0.00046100000054138945,core 1 cpu_frequency,None
9.76008499999989,9.76035199999933,0.00026699999943957664,core 1 cpu_idle,7.23740878480894e-06
9.76035199999933,9.760401999999885,5.000000055588316e-05,core 1 cpu_frequency,None
9.760401999999885,9.760422999999719,2.099999983329326e-05,core 1 cpu_frequency,None
9.760422999999719,9.760487999999896,6.500000017695129e-05,core 1 cpu_idle,1.7619160047965124e-06
9.760487999999896,9.760536999999204,4.8999999307852704e-05,core 1 cpu_frequency,None
9.760536999999204,9.760560999999143,2.3999999939405825e-05,core 1 cpu_frequency,None
9.760560999999143,9.76060199999938,4.1000000237545464e-05,core 1 cpu_idle,1.1113624064390024e-06
9.76060199999938,9.760652999999365,5.0999999984924216e-05,core 1 cpu_frequency,None
9.760652999999365,9.76068899999973,3.600000036385609e-05,core 1 cpu_frequency,None
9.76068899999973,9.760754999999335,6.599999960599234e-05,core 1 cpu_frequency,None
9.760754999999335,9.760803999999553,4.9000000217347406e-05,core 1 cpu_frequency,None
9.760803999999553,9.761023999999452,0.00021999999989930075,core 1 cpu_frequency,None
9.761023999999452,9.761051999999836,2.8000000384054147e-05,core 1 cpu_frequency,None
9.761051999999836,9.761077999999543,2.5999999706982635e-05,core 1 cpu_idle,7.04766392057354e-07
9.761077999999543,9.76110399999925,2.5999999706982635e-05,core 1 cpu_frequency,None
9.76110399999925,9.77061699999922,0.009512999999969907,core 1 cpu_idle,0.0002578631831991843
9.77061699999922,9.770825999999033,0.00020899999981338624,core 1 cpu_frequency,None
9.770825999999033,9.9260119999999,0.15518600000086735,core 1 cpu_idle,0.004206533790423511
9.9260119999999,9.926041999999143,2.9999999242136255e-05,core 1 cpu_frequency,None
9.926041999999143,9.926613999999063,0.0005719999999200809,core 1 cpu_idle,1.550486079783368e-05
9.926613999999063,9.926860999999917,0.00024700000085431384,core 1 cpu_frequency,None
9.926860999999917,9.927849999999125,0.0009889999992083176,core 1 cpu_idle,2.680822957854034e-05
9.927849999999125,9.927930999999262,8.100000013655517e-05,core 1 cpu_frequency,None
9.927930999999262,9.927993999999671,6.300000040937448e-05,core 1 cpu_frequency,None
9.927993999999671,9.927996999999777,3.000000106112566e-06,core 1 cpu_frequency,None
9.927996999999777,9.928146999999626,0.00014999999984866008,core 1 cpu_idle,4.06595999589772e-06
9.928146999999626,9.92827699999907,0.00012999999944440788,core 1 cpu_frequency,None
9.92827699999907,9.928303999999116,2.700000004551839e-05,core 1 cpu_idle,7.318728012338397e-07
9.928303999999116,9.928390999999465,8.70000003487803e-05,core 1 cpu_frequency,None
9.928390999999465,9.92846499999905,7.399999958579428e-05,core 1 cpu_frequency,None
9.92846499999905,9.952439999999115,0.02397500000006403,core 1 cpu_idle,0.0006498759400017356
9.952439999999115,9.953282999999828,0.0008430000007138005,core 1 cpu_frequency,None
9.953282999999828,9.955168999999842,0.001886000000013155,core 1 cpu_idle,5.112267040035658e-05
9.955168999999842,9.955555999999888,0.00038700000004610047,core 1 cpu_frequency,None
9.955555999999888,10.360742999999275,0.4051869999993869,core 1 cpu_idle,0.01098316089678338
10.360742999999275,10.36247099999946,0.001728000000184693,core 1 cpu_frequency,None
10.36247099999946,10.363620999999512,0.001150000000052387,core 1 cpu_frequency,None
10.363620999999512,10.903262999999242,0.5396419999997306,core 1 cpu_idle,0.014627751908792697
10.903262999999242,10.90340599999945,0.0001430000002073939,core 1 cpu_frequency,None
10.90340599999945,10.946531999999934,0.043126000000484055,core 1 cpu_idle,0.0011689906064131208
10.946531999999934,11.020907999999508,0.07437599999957456,core 1 cpu_frequency,None
11.020907999999508,11.14247499999965,0.12156700000014098,core 1 cpu_idle,0.0032952437288038213
11.14247499999965,11.142887999999402,0.0004129999997530831,core 1 cpu_frequency,None
11.142887999999402,11.172443999999814,0.029556000000411586,core 1 cpu_idle,0.0008011567584111566
11.172443999999814,11.178106999999727,0.005662999999913154,core 1 cpu_frequency,None
11.178106999999727,11.182431999999608,0.004324999999880674,core 1 cpu_idle,0.00011723517999676551
11.182431999999608,11.182590999999775,0.00015900000016699778,core 1 cpu_frequency,None
11.182590999999775,11.555938999999853,0.3733480000000782,core 1 cpu_idle,0.010120120227202118
11.555938999999853,11.559217999999419,0.0032789999995657126,core 1 cpu_frequency,None
11.559217999999419,11.613243999999213,0.054025999999794294,core 1 cpu_idle,0.001464450366394424
11.613243999999213,11.613960999999108,0.0007169999998950516,core 1 cpu_frequency,None
11.613960999999108,12.0821849999993,0.46822400000019115,core 1 cpu_idle,0.012691867033605182
12.0821849999993,12.0824419999999,0.0002570000006016926,core 1 cpu_frequency,None
12.0824419999999,12.083245999999235,0.0008039999993343372,core 1 cpu_frequency,None
12.083245999999235,12.102506999999605,0.019261000000369677,core 1 cpu_idle,0.0005220963704100206
12.102506999999605,12.102616999999555,0.00010999999994965037,core 1 cpu_frequency,None
12.102616999999555,12.122438999999758,0.019822000000203843,core 1 cpu_idle,0.0005373030608055255
12.122438999999758,12.123562999999194,0.0011239999994359096,core 1 cpu_frequency,None
12.123562999999194,14.762463999999454,2.63890100000026,core 1 cpu_idle,0.07153110606640704
14.762463999999454,14.762603999999556,0.00014000000010128133,core 1 cpu_frequency,None
14.762603999999556,14.782439999999042,0.019835999999486376,core 1 cpu_idle,0.0005376825503860775
14.782439999999042,14.791845999999168,0.009406000000126369,core 1 cpu_frequency,None
14.791845999999168,14.813741999999365,0.02189600000019709,core 1 cpu_idle,0.0005935217344053424
14.813741999999365,14.813829999999143,8.799999977782136e-05,core 1 cpu_frequency,None
14.813829999999143,14.82276499999989,0.008935000000747095,core 1 cpu_idle,0.00024219568402025107
14.82276499999989,14.823181999999179,0.0004169999992882367,core 1 cpu_frequency,None
14.823181999999179,14.902142999999342,0.07896100000016304,core 1 cpu_idle,0.0021403484504044193
14.902142999999342,14.90304599999945,0.0009030000001075678,core 1 cpu_frequency,None
14.90304599999945,14.922467999999753,0.01942200000030425,core 1 cpu_idle,0.0005264605008082472
14.922467999999753,14.922576999999364,0.00010899999961111462,core 1 cpu_frequency,None
14.922576999999364,14.942433999999594,0.019857000000229164,core 1 cpu_idle,0.0005382517848062118
14.942433999999594,14.94258499999978,0.00015100000018719584,core 1 cpu_frequency,None
14.94258499999978,15.944576999999299,1.0019919999995182,core 1 cpu_idle,0.02716039594878694
15.944576999999299,15.944656999999097,7.999999979801942e-05,core 1 cpu_frequency,None
15.944656999999097,15.98272999999972,0.038073000000622415,core 1 cpu_idle,0.0010320219672168714
15.98272999999972,16.104692999999315,0.12196299999959592,core 1 cpu_frequency,None
16.104692999999315,16.105593999999655,0.000901000000339991,core 1 cpu_frequency,None
16.105593999999655,16.12880899999982,0.023215000000163855,core 1 cpu_idle,0.0006292750760044415
16.12880899999982,16.205143999999564,0.07633499999974447,core 1 cpu_frequency,None
16.205143999999564,19.799485999999888,3.5943420000003243,core 1 cpu_idle,0.0974296719888088
19.799485999999888,19.80118399999992,0.001698000000033062,core 1 cpu_frequency,None
19.80118399999992,19.805200999999215,0.0040169999992940575,core 1 cpu_idle,0.00010888640878086444
19.805200999999215,19.80527499999971,7.400000049528899e-05,core 1 cpu_frequency,None
19.80527499999971,20.10251999999946,0.29724499999974796,core 1 cpu_idle,0.008057241867993168
20.10251999999946,20.103044999999838,0.000525000000379805,core 1 cpu_frequency,None
20.103044999999838,20.12245999999959,0.01941499999975349,core 1 cpu_idle,0.000526270755993318
20.12245999999959,20.133433999999397,0.010973999999805528,core 1 cpu_frequency,None
20.133433999999397,20.24246099999982,0.10902700000042387,core 1 cpu_idle,0.0029553294728114896
20.24246099999982,20.24257999999918,0.00011899999935849337,core 1 cpu_frequency,None
20.24257999999918,20.98321499999929,0.7406350000001112,core 1 cpu_idle,0.020075948564003014
20.98321499999929,20.983655999999428,0.00044100000013713725,core 1 cpu_frequency,None
20.983655999999428,21.022727999999915,0.039072000000487606,core 1 cpu_idle,0.0010591012608132172
21.022727999999915,21.09527899999921,0.07255099999929371,core 1 cpu_frequency,None
21.09527899999921,26.023269999999684,4.927991000000475,core 1 cpu_idle,0.13358009524241288
26.023269999999684,26.023729999999887,0.0004600000002028537,core 1 cpu_frequency,None
26.023729999999887,26.103972999999314,0.08024299999942741,core 1 cpu_idle,0.002175098855184479
26.103972999999314,26.10431399999925,0.00034099999993486563,core 1 cpu_frequency,None
26.10431399999925,29.214880999999878,3.1105670000006285,core 1 cpu_idle,0.08431627332881703
29.214880999999878,29.21513699999923,0.00025599999935366213,core 1 cpu_frequency,None
29.21513699999923,29.222774999999274,0.007638000000042666,core 1 cpu_idle,0.00020703868320115653
29.222774999999274,29.22300499999983,0.0002300000005561742,core 1 cpu_frequency,None
29.22300499999983,29.62250799999947,0.39950299999964045,core 1 cpu_idle,0.010829088119190254
29.62250799999947,29.622825999999804,0.00031800000033399556,core 1 cpu_frequency,None
29.622825999999804,29.64016299999912,0.017336999999315594,core 1 cpu_idle,0.0004699436567814482
29.64016299999912,29.64067199999954,0.0005090000004202011,core 1 cpu_frequency,None
29.64067199999954,29.64288299999953,0.0022109999999884167,core 1 cpu_idle,5.9932250399686013e-05
29.64288299999953,29.64318899999944,0.0003059999999095453,core 1 cpu_frequency,None
29.64318899999944,29.662419999999656,0.019231000000218046,core 1 cpu_idle,0.0005212831784059105
29.662419999999656,29.663127999999233,0.0007079999995767139,core 1 cpu_frequency,None
29.663127999999233,30.022760999999264,0.35963300000003073,core 1 cpu_idle,0.009748355951200834
30.022760999999264,30.022791999999754,3.100000049016671e-05,core 1 cpu_frequency,None
30.022791999999754,30.024429999999484,0.0016379999997298,core 1 cpu_idle,4.440028319267585e-05
30.024429999999484,30.024654999999257,0.00022499999977299012,core 1 cpu_frequency,None
30.024654999999257,30.028379999999743,0.003725000000486034,core 1 cpu_idle,0.00010097134001317463
30.028379999999743,30.02924499999972,0.0008649999999761349,core 1 cpu_frequency,None
30.02924499999972,30.03179799999907,0.0025529999993523234,core 1 cpu_frequency,None
30.03179799999907,30.04240999999911,0.01061200000003737,core 1 cpu_idle,0.00028765311680101295
30.04240999999911,30.042551999999887,0.00014200000077835284,core 1 cpu_frequency,None
30.042551999999887,30.06274399999984,0.020191999999951804,core 1 cpu_idle,0.0005473324287986936
30.06274399999984,30.063501999999062,0.0007579999992231023,core 1 cpu_frequency,None
30.063501999999062,31.064440999999533,1.0009390000004714,core 1 cpu_idle,0.02713185290961278
31.064440999999533,31.064495999999053,5.4999999520077836e-05,core 1 cpu_frequency,None
31.064495999999053,31.082711999999447,0.01821600000039325,core 1 cpu_idle,0.0004937701824106596
31.082711999999447,31.08321999999953,0.0005080000000816653,core 1 cpu_frequency,None
31.08321999999953,35.502487999999175,4.419267999999647,core 1 cpu_idle,0.11979044611519044
35.502487999999175,35.5032769999998,0.0007890000006227638,core 1 cpu_frequency,None
35.5032769999998,60.26268399999935,24.759406999999555,core 1 cpu_idle,0.6711383899047879
60.26268399999935,60.26291499999934,0.00023099999998521525,core 1 cpu_frequency,None
60.26291499999934,79.58249299999989,19.319578000000547,core 1 cpu_idle,0.5236842090992148
79.58249299999989,79.58727599999929,0.0047829999994064565,core 1 cpu_frequency,None
79.58727599999929,79.67299899999944,0.08572300000014366,core 1 cpu_idle,0.002323641927203894
79.67299899999944,79.67602499999975,0.003026000000318163,core 1 cpu_frequency,None
79.67602499999975,89.94244699999945,10.266421999999693,core 1 cpu_idle,0.2782857413007917
89.94244699999945,89.94248799999968,4.1000000237545464e-05,core 1 cpu_frequency,None
89.94248799999968,89.96264399999927,0.020155999999587948,core 1 cpu_idle,0.0005463565983888307
89.96264399999927,89.96272899999985,8.50000005812035e-05,core 1 cpu_frequency,None
89.96272899999985,90.07122199999958,0.10849299999972573,core 1 cpu_idle,0.0029408546551925653
90.07122199999958,90.07212999999956,0.0009079999999812571,core 1 cpu_frequency,None
90.07212999999956,94.99370399999952,4.921573999999964,core 1 cpu_idle,0.13340615347359902
94.99370399999952,94.99415999999928,0.0004559999997582054,core 1 cpu_frequency,None
94.99415999999928,95.00248599999941,0.008326000000124623,core 1 cpu_idle,0.00022568788640337808
95.00248599999941,95.00340699999924,0.0009209999998347485,core 1 cpu_frequency,None
95.00340699999924,96.6024669999997,1.5990600000004633,core 1 cpu_idle,0.043344759984012556
96.6024669999997,96.60275799999908,0.00029099999937898247,core 1 cpu_frequency,None
96.60275799999908,96.71132399999988,0.10856600000079197,core 1 cpu_idle,0.0029428334224214673
96.71132399999988,96.71142299999974,9.899999986373587e-05,core 1 cpu_frequency,None
96.71142299999974,101.62457099999938,4.913147999999637,core 1 cpu_idle,0.13317775494719017
101.62457099999938,101.62501199999951,0.00044100000013713725,core 1 cpu_frequency,None
101.62501199999951,101.7474229999998,0.12241100000028382,core 1 cpu_idle,0.0033181215304076933
101.7474229999998,101.7475199999999,9.700000009615906e-05,core 1 cpu_frequency,None
101.7475199999999,106.6824459999998,4.934925999999905,core 1 cpu_idle,0.1337680781263974
106.6824459999998,106.68271199999981,0.0002660000000105356,core 1 cpu_frequency,None
106.68271199999981,106.7728419999994,0.09012999999958993,core 1 cpu_idle,0.0024430998319888843
106.7728419999994,106.77366599999914,0.0008239999997385894,core 1 cpu_frequency,None
106.77366599999914,111.9653559999997,5.191690000000563,core 1 cpu_idle,0.14072802581601523
111.9653559999997,111.96570699999938,0.0003509999996822444,core 1 cpu_frequency,None
111.96570699999938,112.29151499999989,0.3258080000005066,core 1 cpu_idle,0.008831481971213731
112.29151499999989,112.29222699999991,0.0007120000000213622,core 1 cpu_frequency,None
112.29222699999991,123.6624869999996,11.37025999999969,core 1 cpu_idle,0.30820681566399155
123.6624869999996,123.66326499999923,0.0007779999996273546,core 1 cpu_frequency,None
123.66326499999923,123.6992109999992,0.03594599999996717,core 1 cpu_idle,0.00097436665439911
123.6992109999992,123.69934099999955,0.00013000000035390258,core 1 cpu_frequency,None
123.69934099999955,129.76248199999918,6.063140999999632,core 1 cpu_idle,0.16434992520239003
129.76248199999918,129.7626509999991,0.00016899999991437653,core 1 cpu_frequency,None
129.7626509999991,129.78243699999985,0.019786000000749482,core 1 cpu_idle,0.0005363272304203157
129.78243699999985,129.78312799999912,0.0006909999992785743,core 1 cpu_frequency,None
129.78312799999912,129.8023979999998,0.019270000000688015,core 1 cpu_idle,0.0005223403280186496
129.8023979999998,129.80246699999952,6.899999971210491e-05,core 1 cpu_frequency,None
129.80246699999952,129.8223969999999,0.019930000000385917,core 1 cpu_idle,0.0005402305520104608
129.8223969999999,129.8224679999994,7.099999947968172e-05,core 1 cpu_frequency,None
129.8224679999994,129.84241799999927,0.019949999999880674,core 1 cpu_idle,0.0005407726799967655
129.84241799999927,129.8424989999994,8.100000013655517e-05,core 1 cpu_frequency,None
129.8424989999994,129.8624289999998,0.019930000000385917,core 1 cpu_idle,0.0005402305520104608
129.8624289999998,129.86253099999976,0.00010199999996984843,core 1 cpu_frequency,None
129.86253099999976,129.88242399999945,0.019892999999683525,core 1 cpu_idle,0.0005392276151914214
129.88242399999945,129.88316499999928,0.0007409999998344574,core 1 cpu_frequency,None
129.88316499999928,129.9024219999992,0.01925699999992503,core 1 cpu_idle,0.0005219879447979677
129.9024219999992,129.90256099999988,0.00013900000067224028,core 1 cpu_frequency,None
129.90256099999988,129.92271599999913,0.020154999999249412,core 1 cpu_idle,0.0005463294919796543
129.92271599999913,129.9228719999992,0.0001560000000608852,core 1 cpu_frequency,None
129.9228719999992,132.86249099999986,2.9396190000006754,core 1 cpu_idle,0.07968248846161831
132.86249099999986,132.86271899999974,0.0002279999998791027,core 1 cpu_frequency,None
132.86271899999974,132.88245199999983,0.019733000000087486,core 1 cpu_idle,0.0005348905912023715
132.88245199999983,132.88264099999924,0.00018899999940913403,core 1 cpu_frequency,None
132.88264099999924,132.9024419999996,0.01980100000037055,core 1 cpu_idle,0.0005367338264100443
132.9024419999996,132.90262699999948,0.00018499999987398041,core 1 cpu_frequency,None
132.90262699999948,132.92763399999967,0.025007000000186963,core 1 cpu_idle,0.0006778497448050679
132.92763399999967,132.92801299999974,0.0003790000000662985,core 1 cpu_frequency,None
132.92801299999974,132.98820199999955,0.06018899999980931,core 1 cpu_idle,0.0016315071095948312
132.98820199999955,132.9883349999991,0.00013299999955052044,core 1 cpu_frequency,None
132.9883349999991,137.91639999999916,4.9280650000000605,core 1 cpu_idle,0.13358210111600163
137.91639999999916,137.9167379999999,0.00033800000073824776,core 1 cpu_frequency,None
137.9167379999999,138.11352699999952,0.19678899999962596,core 1 cpu_idle,0.0053342413495898605
138.11352699999952,138.11604499999976,0.0025180000002364977,core 1 cpu_frequency,None
138.11604499999976,139.0624829999997,0.9464379999999437,core 1 cpu_idle,0.025654527003198473
139.0624829999997,139.06284899999991,0.0003660000002128072,core 1 cpu_frequency,None
139.06284899999991,139.08244099999956,0.01959199999964767,core 1 cpu_idle,0.0005310685887904495
139.08244099999956,139.08257999999933,0.00013899999976274557,core 1 cpu_frequency,None
139.08257999999933,140.2424889999993,1.1599089999999705,core 1 cpu_idle,0.0314409573175992
140.2424889999993,140.24265299999934,0.00016400000004068715,core 1 cpu_frequency,None
140.24265299999934,140.2626939999991,0.020040999999764608,core 1 cpu_idle,0.0005432393623936194
140.2626939999991,140.27306099999987,0.010367000000769622,core 1 cpu_frequency,None
140.27306099999987,165.1224689999999,24.84940800000004,core 1 cpu_idle,0.673577993011201
165.1224689999999,165.1228689999998,0.0003999999998995918,core 1 cpu_frequency,None
165.1228689999998,165.14242599999943,0.01955699999962235,core 1 cpu_idle,0.0005301198647897632
165.14242599999943,165.14290899999924,0.00048299999980372377,core 1 cpu_frequency,None
165.14290899999924,165.17373399999906,0.030824999999822467,core 1 cpu_idle,0.0008355547799951877
165.17373399999906,165.17380699999921,7.300000015675323e-05,core 1 cpu_frequency,None
165.17380699999921,165.22393399999964,0.05012700000042969,core 1 cpu_idle,0.0013587625128116472
165.22393399999964,165.22465699999975,0.0007230000001072767,core 1 cpu_frequency,None
165.22465699999975,167.74248499999976,2.5178280000000086,core 1 cpu_idle,0.06824925289920024
167.74248499999976,167.74272999999903,0.0002449999992677476,core 1 cpu_frequency,None
167.74272999999903,167.7625309999994,0.01980100000037055,core 1 cpu_idle,0.0005367338264100443
167.7625309999994,167.76338299999952,0.0008520000001226435,core 1 cpu_frequency,None
167.76338299999952,170.19543899999917,2.4320559999996476,core 1 cpu_idle,0.06592428275839045
170.19543899999917,170.26988099999926,0.07444200000009005,core 1 cpu_frequency,None
170.26988099999926,170.27295699999922,0.0030759999999645515,core 1 cpu_frequency,None
170.27295699999922,174.24721799999952,3.974261000000297,core 1 cpu_idle,0.10772790837040805
174.24721799999952,174.2529769999992,0.0057589999996707775,core 1 cpu_frequency,None
174.2529769999992,174.2624049999995,0.009428000000298198,core 1 cpu_idle,0.0002555591392080831
174.2624049999995,174.2630479999998,0.0006430000003092573,core 1 cpu_frequency,None
174.2630479999998,174.28247399999964,0.019425999999839405,core 1 cpu_idle,0.0005265689263956469
174.28247399999964,174.28264099999978,0.00016700000014679972,core 1 cpu_frequency,None
174.28264099999978,181.34249399999953,7.059852999999748,core 1 cpu_idle,0.19136719935919316
181.34249399999953,181.34268099999917,0.00018699999964155722,core 1 cpu_frequency,None
181.34268099999917,181.36242999999922,0.01974900000004709,core 1 cpu_idle,0.0005353242936012764
181.36242999999922,181.3630119999998,0.0005820000005769543,core 1 cpu_frequency,None
181.3630119999998,181.38246299999992,0.019451000000117347,core 1 cpu_idle,0.0005272465864031809
181.38246299999992,181.38271199999963,0.00024899999971239595,core 1 cpu_frequency,None
181.38271199999963,181.4027819999992,0.020069999999577703,core 1 cpu_idle,0.000544025447988553
181.4027819999992,181.40315999999984,0.00037800000063725747,core 1 cpu_frequency,None
181.40315999999984,181.4224779999995,0.01931799999965733,core 1 cpu_idle,0.0005236414351907115
181.4224779999995,181.42274599999928,0.0002679999997781124,core 1 cpu_frequency,None
181.42274599999928,181.44244799999979,0.019702000000506814,core 1 cpu_idle,0.0005340502928137379
181.44244799999979,181.44269799999984,0.0002500000000509317,core 1 cpu_frequency,None
181.44269799999984,181.4825209999999,0.03982300000006944,core 1 cpu_idle,0.0010794581672018823
181.4825209999999,181.48321199999918,0.0006909999992785743,core 1 cpu_frequency,None
181.48321199999918,181.50242799999978,0.019216000000596978,core 1 cpu_idle,0.0005208765824161819
181.50242799999978,181.5029029999996,0.0004749999998239218,core 1 cpu_frequency,None
181.5029029999996,181.52241699999922,0.019513999999617226,core 1 cpu_idle,0.0005289542895896244
181.52241699999922,181.52299099999982,0.0005740000005971524,core 1 cpu_frequency,None
181.52299099999982,181.6024699999998,0.07947899999999208,core 1 cpu_idle,0.0021543895655997854
181.6024699999998,181.60278499999913,0.0003149999993183883,core 1 cpu_frequency,None
181.60278499999913,181.62245799999982,0.01967300000069372,core 1 cpu_idle,0.0005332642072188042
181.62245799999982,181.62256499999967,0.00010699999984353781,core 1 cpu_frequency,None
181.62256499999967,181.64245999999912,0.019894999999451102,core 1 cpu_idle,0.0005392818279851213
181.64245999999912,181.6427939999994,0.00033400000029359944,core 1 cpu_frequency,None
181.6427939999994,181.68250199999966,0.0397080000002461,core 1 cpu_idle,0.0010763409312066709
181.68250199999966,181.68295699999908,0.0004549999994196696,core 1 cpu_frequency,None
181.68295699999908,181.70242999999937,0.019473000000289176,core 1 cpu_idle,0.0005278429272078385
181.70242999999937,181.70256399999926,0.0001339999998890562,core 1 cpu_frequency,None
181.70256399999926,181.72899999999936,0.026436000000103377,core 1 cpu_idle,0.0007165847904028022
0.0,1.8074429999996937,1.8074429999996937,core 2 cpu_idle start,0.0489932729351917
1.8074429999996937,1.9626109999999244,0.15516800000023068,core 2 cpu_idle,0.004206045875206252
1.9626109999999244,1.9629809999996723,0.00036999999974796083,core 2 cpu_frequency,None
1.9629809999996723,2.042552999999316,0.0795719999996436,core 2 cpu_idle,0.002156910460790339
2.042552999999316,2.0426629999992656,0.00010999999994965037,core 2 cpu_frequency,None
2.0426629999992656,2.082752999999684,0.04009000000041851,core 2 cpu_idle,0.0010866955760113445
2.082752999999684,2.0898159999997006,0.007063000000016473,core 2 cpu_frequency,None
2.0898159999997006,2.711052999999083,0.6212369999993825,core 2 cpu_idle,0.01683949861678326
2.711052999999083,2.71188599999914,0.0008330000000569271,core 2 cpu_frequency,None
2.71188599999914,2.7226599999994505,0.01077400000031048,core 2 cpu_idle,0.00029204435360841597
2.7226599999994505,2.723085999999057,0.0004259999996065744,core 2 cpu_frequency,None
2.723085999999057,3.962476999999126,1.2393910000000687,core 2 cpu_idle,0.03359542820240186
3.962476999999126,3.962971999999354,0.000495000000228174,core 2 cpu_frequency,None
3.962971999999354,3.9830559999991237,0.02008399999976973,core 2 cpu_idle,0.0005444049375937582
3.9830559999991237,3.992216999999073,0.009160999999949127,core 2 cpu_frequency,None
3.992216999999073,4.002422999999908,0.010206000000835047,core 2 cpu_idle,0.0002766479184226351
4.002422999999908,4.0025589999995645,0.000135999999656633,core 2 cpu_frequency,None
4.0025589999995645,4.057011999999304,0.054452999999739404,core 2 cpu_idle,0.001476024799192936
4.057011999999304,4.057107999999062,9.59999997576233e-05,core 2 cpu_frequency,None
4.057107999999062,4.137711999999738,0.08060400000067602,core 2 cpu_idle,0.0021848842656183244
4.137711999999738,4.137971999999536,0.00025999999979831045,core 2 cpu_frequency,None
4.137971999999536,4.142456999999922,0.004485000000386208,core 2 cpu_idle,0.0001215722040104687
4.142456999999922,4.142840999999862,0.0003839999999399879,core 2 cpu_frequency,None
4.142840999999862,4.162469999999303,0.019628999999440566,core 2 cpu_idle,0.0005320715255848357
4.162469999999303,4.162707999999839,0.00023800000053597614,core 2 cpu_frequency,None
4.162707999999839,4.184872999999243,0.022164999999404245,core 2 cpu_idle,0.0006008133559838512
4.184872999999243,4.185082999999395,0.000210000000151922,core 2 cpu_frequency,None
4.185082999999395,4.20270999999957,0.01762700000017503,core 2 cpu_idle,0.00047780451280474444
4.20270999999957,4.203227999999399,0.0005179999998290441,core 2 cpu_frequency,None
4.203227999999399,4.205501999999797,0.002274000000397791,core 2 cpu_idle,6.163995361078269e-05
4.205501999999797,4.205541999999696,3.999999989900971e-05,core 2 cpu_frequency,None
4.205541999999696,4.210371999999552,0.004829999999856227,core 2 cpu_idle,0.00013092391199610284
4.210371999999552,4.210411999999451,3.999999989900971e-05,core 2 cpu_frequency,None
4.210411999999451,4.432905999999093,0.22249399999964226,core 2 cpu_idle,0.006031011361590303
4.432905999999093,4.433003999999528,9.800000043469481e-05,core 2 cpu_frequency,None
4.433003999999528,4.474564999999529,0.04156100000000151,core 2 cpu_idle,0.001126569090400041
4.474564999999529,4.483309999999619,0.00874500000008993,core 2 cpu_frequency,None
4.483309999999619,4.609062999999878,0.1257530000002589,core 2 cpu_idle,0.003408711119207018
4.609062999999878,4.7053649999998015,0.09630199999992328,core 2 cpu_frequency,None
4.7053649999998015,4.705753999999615,0.0003889999998136773,core 2 cpu_frequency,None
4.705753999999615,4.782481999999618,0.0767280000000028,core 2 cpu_idle,0.0020798198592000758
4.782481999999618,4.802455999999438,0.01997399999982008,core 2 cpu_frequency,None
4.802455999999438,4.913207999999031,0.11075199999959295,core 2 cpu_frequency,None
4.913207999999031,4.922617999999602,0.009410000000571017,core 2 cpu_idle,0.0002550712240154782
4.922617999999602,4.9228559999992285,0.00023799999962648144,core 2 cpu_frequency,None
4.9228559999992285,4.975665999999364,0.052810000000135915,core 2 cpu_idle,0.0014314889840036842
4.975665999999364,4.976877999999488,0.0012120000001232256,core 2 cpu_frequency,None
4.976877999999488,5.302478999999039,0.3256009999995513,core 2 cpu_idle,0.008825870946387836
5.302478999999039,5.319392999999764,0.016914000000724627,core 2 cpu_frequency,None
5.319392999999764,5.322421999999278,0.003028999999514781,core 2 cpu_idle,8.210528558684745e-05
5.322421999999278,5.3427029999993465,0.02028100000006816,core 2 cpu_frequency,None
5.3427029999993465,5.414868999999271,0.07216599999992468,core 2 cpu_frequency,None
5.414868999999271,5.86463299999923,0.4497639999999592,core 2 cpu_idle,0.012191482889598893
5.86463299999923,5.87907499999983,0.014442000000599364,core 2 cpu_frequency,None
5.87907499999983,5.9027369999994335,0.023661999999603722,core 2 cpu_idle,0.0006413916367892583
5.9027369999994335,5.9357099999997445,0.032973000000311004,core 2 cpu_frequency,None
5.9357099999997445,6.122474999999213,0.18676499999946827,core 2 cpu_idle,0.005062526795985587
6.122474999999213,6.135638999999173,0.013163999999960652,core 2 cpu_frequency,None
6.135638999999173,6.141329999999471,0.005691000000297208,core 2 cpu_idle,0.00015426252240805625
6.141329999999471,6.149138999999195,0.0078089999997246196,core 2 cpu_frequency,None
6.149138999999195,6.17412399999921,0.024985000000015134,core 2 cpu_frequency,None
6.17412399999921,6.416116999999758,0.2419930000005479,core 2 cpu_frequency,None
6.416116999999758,6.724428999999873,0.3083120000001145,core 2 cpu_idle,0.008357228396803104
6.724428999999873,6.726182999999764,0.0017539999998916755,core 2 cpu_frequency,None
6.726182999999764,6.742713999999069,0.016530999999304186,core 2 cpu_idle,0.000448095898381139
6.742713999999069,6.7528089999996155,0.010095000000546861,core 2 cpu_frequency,None
6.7528089999996155,7.222466999999597,0.46965799999998126,core 2 cpu_idle,0.012730737611199491
7.222466999999597,7.233024999999543,0.010557999999946333,core 2 cpu_frequency,None
7.233024999999543,7.24269699999968,0.009672000000136904,core 2 cpu_idle,0.00026217310080371096
7.24269699999968,7.243482999999287,0.0007859999996071565,core 2 cpu_frequency,None
7.243482999999287,9.122473999999784,1.8789910000004966,core 2 cpu_idle,0.050932681642413456
9.122473999999784,9.420998999999028,0.29852499999924476,core 2 cpu_frequency,None
9.420998999999028,9.621894999999313,0.2008960000002844,core 2 cpu_idle,0.005445567334407709
9.621894999999313,9.622645999999804,0.0007510000004913309,core 2 cpu_frequency,None
9.622645999999804,9.625723999999536,0.0030779999997321283,core 2 cpu_idle,8.343349919273896e-05
9.625723999999536,9.63738099999955,0.011657000000013795,core 2 cpu_frequency,None
9.63738099999955,9.663916999999856,0.02653600000030565,core 2 cpu_idle,0.000719295430408285
9.663916999999856,9.671003999999812,0.007086999999955879,core 2 cpu_frequency,None
9.671003999999812,9.681564999999864,0.010561000000052445,core 2 cpu_frequency,None
9.681564999999864,9.753736999999091,0.07217199999922741,core 2 cpu_idle,0.0019563231007790577
9.753736999999091,9.754259999999704,0.0005230000006122282,core 2 cpu_frequency,None
9.754259999999704,9.754752999999255,0.0004929999995511025,core 2 cpu_idle,1.3363455187832004e-05
9.754752999999255,9.754901999999674,0.00014900000041961903,core 2 cpu_frequency,None
9.754901999999674,9.755932999999459,0.0010309999997843988,core 2 cpu_idle,2.7946698394155827e-05
9.755932999999459,9.756326999999146,0.00039399999968736665,core 2 cpu_frequency,None
9.756326999999146,9.756404999999177,7.80000000304426e-05,core 2 cpu_idle,2.1142992008251895e-06
9.756404999999177,9.756562999999915,0.00015800000073795673,core 2 cpu_frequency,None
9.756562999999915,9.756586999999854,2.3999999939405825e-05,core 2 cpu_idle,6.5055359835751e-07
9.756586999999854,9.75684099999944,0.0002539999995860853,core 2 cpu_frequency,None
9.75684099999944,9.757665999999517,0.0008250000000771252,core 2 cpu_idle,2.2362780002090583e-05
9.757665999999517,9.75771799999984,5.200000032345997e-05,core 2 cpu_frequency,None
9.75771799999984,9.757743999999548,2.5999999706982635e-05,core 2 cpu_idle,7.04766392057354e-07
9.757743999999548,9.757809999999154,6.599999960599234e-05,core 2 cpu_frequency,None
9.757809999999154,9.75784399999975,3.400000059627928e-05,core 2 cpu_idle,9.216176161629846e-07
9.75784399999975,9.757947999999487,0.00010399999973742524,core 2 cpu_frequency,None
9.757947999999487,9.758461999999781,0.0005140000002938905,core 2 cpu_idle,1.3932689607966312e-05
9.758461999999781,9.758521999999175,5.999999939376721e-05,core 2 cpu_frequency,None
9.758521999999175,9.758558999999877,3.7000000702391844e-05,core 2 cpu_frequency,None
9.758558999999877,9.758624999999483,6.599999960599234e-05,core 2 cpu_frequency,None
9.758624999999483,9.758671999999933,4.7000000449770596e-05,core 2 cpu_frequency,None
9.758671999999933,9.758727999999792,5.599999985861359e-05,core 2 cpu_frequency,None
9.758727999999792,9.758750999999393,2.299999960087007e-05,core 2 cpu_idle,6.234471891810244e-07
9.758750999999393,9.758779999999206,2.89999998130952e-05,core 2 cpu_frequency,None
9.758779999999206,9.759150999999292,0.0003710000000864966,core 2 cpu_idle,1.005647440234461e-05
9.759150999999292,9.759177999999338,2.700000004551839e-05,core 2 cpu_frequency,None
9.759177999999338,9.759209999999257,3.199999991920777e-05,core 2 cpu_idle,8.674047978100134e-07
9.759209999999257,9.75927799999954,6.800000028306386e-05,core 2 cpu_frequency,None
9.75927799999954,9.759300999999141,2.299999960087007e-05,core 2 cpu_idle,6.234471891810244e-07
9.759300999999141,9.759359999999106,5.899999996472616e-05,core 2 cpu_frequency,None
9.759359999999106,9.759414999999535,5.500000042957254e-05,core 2 cpu_frequency,None
9.759414999999535,9.759474999999838,6.000000030326191e-05,core 2 cpu_frequency,None
9.759474999999838,9.759527999999591,5.2999999752501026e-05,core 2 cpu_frequency,None
9.759527999999591,9.759574999999131,4.6999999540275894e-05,core 2 cpu_frequency,None
9.759574999999131,9.759602999999515,2.8000000384054147e-05,core 2 cpu_frequency,None
9.759602999999515,9.759624999999687,2.2000000171829015e-05,core 2 cpu_frequency,None
9.759624999999687,9.7602109999998,0.000586000000112108,core 2 cpu_frequency,None
9.7602109999998,9.76035199999933,0.00014099999953032238,core 2 cpu_idle,3.822002387268731e-06
9.76035199999933,9.760402999999314,5.0999999984924216e-05,core 2 cpu_frequency,None
9.760402999999314,9.760487999999896,8.50000005812035e-05,core 2 cpu_frequency,None
9.760487999999896,9.760537999999542,4.999999964638846e-05,core 2 cpu_frequency,None
9.760537999999542,9.760602999999719,6.500000017695129e-05,core 2 cpu_frequency,None
9.760602999999719,9.760654999999133,5.199999941396527e-05,core 2 cpu_frequency,None
9.760654999999133,9.76068899999973,3.400000059627928e-05,core 2 cpu_frequency,None
9.76068899999973,9.760757999999441,6.899999971210491e-05,core 2 cpu_frequency,None
9.760757999999441,9.760804999999891,4.7000000449770596e-05,core 2 cpu_frequency,None
9.760804999999891,9.76102499999979,0.00021999999989930075,core 2 cpu_frequency,None
9.76102499999979,9.761078999999881,5.400000009103678e-05,core 2 cpu_frequency,None
9.761078999999881,9.761412999999266,0.00033399999938410474,core 2 cpu_frequency,None
9.761412999999266,9.77061699999922,0.009203999999954249,core 2 cpu_idle,0.00024948730559875984
9.77061699999922,9.770629999999073,1.2999999853491317e-05,core 2 cpu_frequency,None
9.770629999999073,9.92601299999933,0.1553830000002563,core 2 cpu_idle,0.004211873751206947
9.92601299999933,9.926613999999063,0.0006009999997331761,core 2 cpu_frequency,None
9.926613999999063,9.926910999999564,0.0002970000005007023,core 2 cpu_frequency,None
9.926910999999564,9.927850999999464,0.0009399999999004649,core 2 cpu_idle,2.548001599730196e-05
9.927850999999464,9.927934999999707,8.400000024266774e-05,core 2 cpu_frequency,None
9.927934999999707,9.9279949999991,5.999999939376721e-05,core 2 cpu_frequency,None
9.9279949999991,9.928396999999677,0.0004020000005766633,core 2 cpu_frequency,None
9.928396999999677,9.928542999999081,0.00014599999940401176,core 2 cpu_frequency,None
9.928542999999081,9.952440999999453,0.02389800000037212,core 2 cpu_idle,0.0006477887472100868
9.952440999999453,9.952502999999524,6.200000007083872e-05,core 2 cpu_frequency,None
9.952502999999524,9.955171999999038,0.002668999999514199,core 2 cpu_idle,7.234698158683167e-05
9.955171999999038,9.958565999999337,0.003394000000298547,core 2 cpu_frequency,None
9.958565999999337,10.360743999999613,0.40217800000027637,core 2 cpu_idle,0.010901597739207491
10.360743999999613,10.36093399999936,0.0001899999997476698,core 2 cpu_frequency,None
10.36093399999936,10.362473999999565,0.0015400000002046,core 2 cpu_idle,4.174385600554596e-05
10.362473999999565,10.392845999999736,0.030372000000170374,core 2 cpu_frequency,None
10.392845999999736,10.903265999999348,0.5104199999996126,core 2 cpu_idle,0.0138356486879895
10.903265999999348,10.917075999999724,0.013810000000376021,core 2 cpu_frequency,None
10.917075999999724,10.946536999999807,0.029461000000083004,core 2 cpu_idle,0.0007985816504022499
10.946536999999807,10.946586999999454,4.999999964638846e-05,core 2 cpu_frequency,None
10.946586999999454,11.142476999999417,0.19588999999996304,core 2 cpu_idle,0.005309872695998998
11.142476999999417,11.142734999999448,0.00025800000003073364,core 2 cpu_frequency,None
11.142734999999448,11.172444999999243,0.0297099999997954,core 2 cpu_idle,0.000805331143994454
11.172444999999243,11.172547999999551,0.00010300000030838419,core 2 cpu_frequency,None
11.172547999999551,11.182436999999481,0.009888999999930093,core 2 cpu_idle,0.0002680551895981051
11.182436999999481,11.182595999999648,0.00015900000016699778,core 2 cpu_frequency,None
11.182595999999648,11.55594099999962,0.37334499999997206,core 2 cpu_idle,0.010120038907999243
11.55594099999962,11.557117999999718,0.0011770000000979053,core 2 cpu_frequency,None
11.557117999999718,11.613246999999319,0.05612899999960064,core 2 cpu_idle,0.0015214551255891746
11.613246999999319,11.613297999999304,5.0999999984924216e-05,core 2 cpu_frequency,None
11.613297999999304,12.082187999999405,0.4688900000001013,core 2 cpu_idle,0.012709919896002744
12.082187999999405,12.0824419999999,0.00025400000049558,core 2 cpu_frequency,None
12.0824419999999,12.089078999999401,0.006636999999500404,core 2 cpu_frequency,None
12.089078999999401,12.102508999999372,0.013429999999971187,core 2 cpu_idle,0.000364038951999219
12.102508999999372,12.102624999999534,0.0001160000001618755,core 2 cpu_frequency,None
12.102624999999534,12.122442999999294,0.019817999999759195,core 2 cpu_idle,0.0005371946351934726
12.122442999999294,12.122787999999673,0.00034500000037951395,core 2 cpu_frequency,None
12.122787999999673,14.762465999999222,2.6396779999995488,core 2 cpu_idle,0.07155216773918777
14.762465999999222,14.762688999999227,0.0002230000000054133,core 2 cpu_frequency,None
14.762688999999227,14.78244099999938,0.019752000000153203,core 2 cpu_idle,0.0005354056128041528
14.78244099999938,14.782627999999931,0.00018700000055105193,core 2 cpu_frequency,None
14.782627999999931,14.813742999999704,0.031114999999772408,core 2 cpu_idle,0.0008434156359938308
14.813742999999704,14.814116999999897,0.00037400000019260915,core 2 cpu_frequency,None
14.814116999999897,14.822767999999087,0.00865099999919039,core 2 cpu_idle,0.00023449746637805438
14.822767999999087,14.822964999999385,0.00019700000029843068,core 2 cpu_frequency,None
14.822964999999385,14.90214399999968,0.07917900000029476,core 2 cpu_idle,0.0021462576456079898
14.90214399999968,14.904161999999815,0.0020180000001346343,core 2 cpu_frequency,None
14.904161999999815,14.922468999999182,0.01830699999936769,core 2 cpu_idle,0.0004962368647828604
14.922468999999182,14.925826999999117,0.003357999999934691,core 2 cpu_frequency,None
14.925826999999117,14.942437999999129,0.0166110000000117,core 2 cpu_idle,0.0004502644104003171
14.942437999999129,14.942685999999412,0.0002480000002833549,core 2 cpu_frequency,None
14.942685999999412,15.944579999999405,1.001893999999993,core 2 cpu_idle,0.02715773952159981
15.944579999999405,15.958615999999893,0.014036000000487547,core 2 cpu_frequency,None
15.958615999999893,15.982735999999932,0.024120000000039,core 2 cpu_idle,0.0006538063680010571
15.982735999999932,15.982849999999416,0.000113999999484804,core 2 cpu_frequency,None
15.982849999999416,16.104694999999083,0.12184499999966647,core 2 cpu_idle,0.003302779307990959
16.104694999999083,16.105086999999912,0.00039200000082928455,core 2 cpu_frequency,None
16.105086999999912,16.128811999999925,0.023725000000013097,core 2 cpu_idle,0.000643099340000355
16.128811999999925,16.129961999999068,0.0011499999991428922,core 2 cpu_frequency,None
16.129961999999068,19.799486999999317,3.669525000000249,core 2 cpu_idle,0.09946761246000674
19.799486999999317,19.80520399999932,0.005717000000004191,core 2 cpu_frequency,None
19.80520399999932,19.94454399999904,0.13933999999972002,core 2 cpu_frequency,None
19.94454399999904,20.102521999999226,0.1579780000001847,core 2 cpu_idle,0.004282214859205006
20.102521999999226,20.12246099999993,0.019939000000704254,core 2 cpu_frequency,None
20.12246099999993,20.14296699999977,0.02050599999984115,core 2 cpu_frequency,None
20.14296699999977,20.242463999999927,0.09949700000015582,core 2 cpu_idle,0.002697005480804224
20.242463999999927,20.2428919999993,0.00042799999937415123,core 2 cpu_frequency,None
20.2428919999993,20.98321699999906,0.740324999999757,core 2 cpu_idle,0.020067545579993414
20.98321699999906,20.996690999999373,0.013474000000314845,core 2 cpu_frequency,None
20.996690999999373,21.022734999999557,0.026044000000183587,core 2 cpu_idle,0.0007059590816049764
21.022734999999557,21.02286699999968,0.0001320000001214794,core 2 cpu_frequency,None
21.02286699999968,26.02327299999979,5.000406000000112,core 2 cpu_idle,0.13554300519840304
26.02327299999979,26.036768999999367,0.01349599999957718,core 2 cpu_frequency,None
26.036768999999367,26.103973999999653,0.06720500000028551,core 2 cpu_idle,0.0018216856120077392
26.103973999999653,26.163509999999405,0.059535999999752676,core 2 cpu_frequency,None
26.163509999999405,29.214883999999074,3.0513739999996687,core 2 cpu_idle,0.08271176419359103
29.214883999999074,29.21759099999963,0.0027070000005551265,core 2 cpu_frequency,None
29.21759099999963,29.22277899999972,0.005188000000089232,core 2 cpu_idle,0.00014062800320241875
29.22277899999972,29.22303599999941,0.0002569999996921979,core 2 cpu_frequency,None
29.22303599999941,29.622509999999238,0.39947399999982736,core 2 cpu_idle,0.01082830203359532
29.622509999999238,29.6227659999995,0.00025600000026315683,core 2 cpu_frequency,None
29.6227659999995,29.64016399999946,0.017397999999957392,core 2 cpu_idle,0.00047159714719884505
29.64016399999946,29.640582999999424,0.00041899999996530823,core 2 cpu_frequency,None
29.640582999999424,29.642883999999867,0.0023010000004433095,core 2 cpu_idle,6.237182641201653e-05
29.642883999999867,29.643120999999155,0.00023699999928794568,core 2 cpu_frequency,None
29.643120999999155,29.662422999999762,0.019302000000607222,core 2 cpu_idle,0.0005232077328164596
29.662422999999762,29.662632999999914,0.000210000000151922,core 2 cpu_frequency,None
29.662632999999914,30.022761999999602,0.36012899999968795,core 2 cpu_idle,0.009761800725591541
30.022761999999602,30.02281099999982,4.9000000217347406e-05,core 2 cpu_frequency,None
30.02281099999982,30.024429999999484,0.0016189999996640836,core 2 cpu_idle,4.388526159089451e-05
30.024429999999484,30.02472399999988,0.00029400000039458973,core 2 cpu_frequency,None
30.02472399999988,30.028379999999743,0.0036559999998644344,core 2 cpu_idle,9.91009983963253e-05
30.028379999999743,30.028494999999566,0.00011499999982333975,core 2 cpu_frequency,None
30.028494999999566,30.02924499999972,0.0007500000001527951,core 2 cpu_idle,2.0329800004141723e-05
30.02924499999972,30.030119999999442,0.0008749999997235136,core 2 cpu_frequency,None
30.030119999999442,30.04240999999911,0.012289999999666179,core 2 cpu_idle,0.0003331376559909513
30.04240999999911,30.04298199999903,0.0005719999999200809,core 2 cpu_frequency,None
30.04298199999903,30.06275099999948,0.019769000000451342,core 2 cpu_idle,0.0005358664216122342
30.06275099999948,30.0630799999999,0.00032900000041991007,core 2 cpu_frequency,None
30.0630799999999,31.06444199999987,1.0013619999999719,core 2 cpu_idle,0.027143318916799237
31.06444199999987,31.07759299999907,0.013150999999197666,core 2 cpu_frequency,None
31.07759299999907,31.082718999999088,0.005126000000018394,core 2 cpu_idle,0.0001389474064004986
31.082718999999088,31.082767999999305,4.9000000217347406e-05,core 2 cpu_frequency,None
31.082767999999305,35.50248999999985,4.419722000000547,core 2 cpu_idle,0.11980275242081483
35.50248999999985,35.50273499999912,0.0002449999992677476,core 2 cpu_frequency,None
35.50273499999912,60.26268699999946,24.75995200000034,core 2 cpu_idle,0.6711531628928091
60.26268699999946,60.263167999999496,0.00048100000003614696,core 2 cpu_frequency,None
60.263167999999496,79.58249399999931,19.31932599999982,core 2 cpu_idle,0.523677378286395
79.58249399999931,79.58273599999939,0.00024200000007112976,core 2 cpu_frequency,None
79.58273599999939,79.67300399999931,0.09026799999992363,core 2 cpu_idle,0.00244684051519793
79.67300399999931,79.67312899999979,0.0001250000004802132,core 2 cpu_frequency,None
79.67312899999979,89.94244799999979,10.269318999999996,core 2 cpu_idle,0.2783642685415999
89.94244799999979,89.94256499999938,0.00011699999959091656,core 2 cpu_frequency,None
89.94256499999938,89.96264499999961,0.020080000000234577,core 2 cpu_idle,0.0005442965120063585
89.96264499999961,89.96302099999957,0.00037599999996018596,core 2 cpu_frequency,None
89.96302099999957,90.07122499999969,0.10820400000011432,core 2 cpu_idle,0.0029330209056030987
90.07122499999969,90.07246399999985,0.001239000000168744,core 2 cpu_frequency,None
90.07246399999985,94.99370699999963,4.921242999999777,core 2 cpu_idle,0.13339718125519395
94.99370699999963,94.99381499999981,0.00010800000018207356,core 2 cpu_frequency,None
94.99381499999981,95.00248999999985,0.00867500000003929,core 2 cpu_idle,0.000235148020001065
95.00248999999985,95.00264599999991,0.0001560000000608852,core 2 cpu_frequency,None
95.00264599999991,96.60247099999924,1.5998249999993277,core 2 cpu_idle,0.04336549637998178
96.60247099999924,96.60258599999906,0.00011499999982333975,core 2 cpu_frequency,None
96.60258599999906,96.71132699999907,0.10874100000000908,core 2 cpu_idle,0.002947577042400246
96.71132699999907,96.73544199999924,0.02411500000016531,core 2 cpu_frequency,None
96.73544199999924,101.62457499999982,4.889133000000584,core 2 cpu_idle,0.13252679475121582
101.62457499999982,101.63807699999961,0.013501999999789405,core 2 cpu_frequency,None
101.63807699999961,101.74742499999957,0.10934799999995448,core 2 cpu_idle,0.002964030627198766
101.74742499999957,101.75258099999974,0.005156000000170025,core 2 cpu_frequency,None
101.75258099999974,106.68244699999923,4.9298659999994925,core 2 cpu_idle,0.13363091974238625
106.68244699999923,106.77284299999974,0.09039600000050996,core 2 cpu_frequency,None
106.77284299999974,106.7729389999995,9.59999997576233e-05,core 2 cpu_frequency,None
106.7729389999995,111.96535799999947,5.192418999999973,core 2 cpu_idle,0.14074778638159927
111.96535799999947,111.9656419999992,0.0002839999997377163,core 2 cpu_frequency,None
111.9656419999992,112.29151899999943,0.3258770000002187,core 2 cpu_idle,0.008833352312805928
112.29151899999943,112.29160199999933,8.299999990413198e-05,core 2 cpu_frequency,None
112.29160199999933,123.66248899999937,11.370887000000039,core 2 cpu_idle,0.30822381137680105
123.66248899999937,123.69921499999964,0.0367260000002716,core 2 cpu_frequency,None
123.69921499999964,123.81798999999955,0.11877499999991414,core 2 cpu_frequency,None
123.81798999999955,129.76248399999986,5.944494000000304,core 2 cpu_idle,0.16113383216160826
129.76248399999986,129.76265799999965,0.0001739999997880659,core 2 cpu_frequency,None
129.76265799999965,129.78243799999927,0.019779999999627762,core 2 cpu_idle,0.00053616459198991
129.78243799999927,129.7826559999994,0.00021800000013172394,core 2 cpu_frequency,None
129.7826559999994,129.80239899999924,0.019742999999834865,core 2 cpu_idle,0.0005351616551955237
129.80239899999924,129.80244699999912,4.799999987881165e-05,core 2 cpu_frequency,None
129.80244699999912,129.82239799999934,0.01995100000021921,core 2 cpu_idle,0.000540799786405942
129.82239799999934,129.8224509999991,5.2999999752501026e-05,core 2 cpu_frequency,None
129.8224509999991,129.8424189999996,0.01996800000051735,core 2 cpu_idle,0.0005412605952140235
129.8424189999996,129.84249399999953,7.499999992433004e-05,core 2 cpu_frequency,None
129.84249399999953,129.86242999999922,0.019935999999688647,core 2 cpu_idle,0.0005403931903915603
129.86242999999922,129.86250299999938,7.300000015675323e-05,core 2 cpu_frequency,None
129.86250299999938,129.88242499999978,0.019922000000406115,core 2 cpu_idle,0.0005400137008110083
129.88242499999978,129.88250399999924,7.899999945948366e-05,core 2 cpu_frequency,None
129.88250399999924,129.90242399999988,0.019920000000638538,core 2 cpu_idle,0.0005399594880173084
129.90242399999988,129.90257499999916,0.00015099999927770114,core 2 cpu_frequency,None
129.90257499999916,129.92271999999957,0.020145000000411528,core 2 cpu_idle,0.000546058428011155
129.92271999999957,129.92319399999906,0.00047399999948538607,core 2 cpu_frequency,None
129.92319399999906,132.8624919999993,2.9392980000002353,core 2 cpu_idle,0.07967378730720638
132.8624919999993,132.86280199999965,0.0003100000003541936,core 2 cpu_frequency,None
132.86280199999965,132.88245199999983,0.019650000000183354,core 2 cpu_idle,0.00053264076000497
132.88245199999983,132.88954399999966,0.007091999999829568,core 2 cpu_frequency,None
132.88954399999966,132.90244299999904,0.012898999999379157,core 2 cpu_idle,0.0003496454535831712
132.90244299999904,132.9276349999991,0.025192000000060943,core 2 cpu_frequency,None
132.9276349999991,132.93845099999908,0.010815999999977066,core 2 cpu_frequency,None
132.93845099999908,132.98820799999976,0.04975700000068173,core 2 cpu_idle,0.0013487331448184792
132.98820799999976,133.00084199999947,0.012633999999707157,core 2 cpu_frequency,None
133.00084199999947,137.9164009999995,4.91555900000003,core 2 cpu_idle,0.13324310847760082
137.9164009999995,138.11353399999916,0.19713299999966694,core 2 cpu_frequency,None
138.11353399999916,138.3669919999993,0.25345800000013696,core 2 cpu_frequency,None
138.3669919999993,139.06248499999947,0.6954930000001696,core 2 cpu_idle,0.018852311455204596
139.06248499999947,139.06264099999953,0.0001560000000608852,core 2 cpu_frequency,None
139.06264099999953,139.08244399999967,0.019803000000138127,core 2 cpu_idle,0.0005367880392037442
139.08244399999967,139.08255299999928,0.00010899999961111462,core 2 cpu_frequency,None
139.08255299999928,140.24248999999963,1.1599370000003546,core 2 cpu_idle,0.03144171629680961
140.24248999999963,140.24279999999908,0.0003099999994446989,core 2 cpu_frequency,None
140.24279999999908,140.26269899999988,0.019899000000805245,core 2 cpu_idle,0.0005393902536218273
140.26269899999988,140.2630969999991,0.0003979999992225203,core 2 cpu_frequency,None
140.2630969999991,165.12246999999934,24.859373000000232,core 2 cpu_idle,0.6738481082872063
165.12246999999934,165.1324229999991,0.009952999999768508,core 2 cpu_frequency,None
165.1324229999991,165.14242699999977,0.010004000000662927,core 2 cpu_idle,0.00027117242561796955
165.14242699999977,165.14262399999916,0.00019699999938893598,core 2 cpu_frequency,None
165.14262399999916,165.17373399999906,0.03110999999989872,core 2 cpu_idle,0.0008432801039972546
165.17373399999906,165.17409899999984,0.00036500000078376615,core 2 cpu_frequency,None
165.17409899999984,165.2239409999993,0.04984199999944394,core 2 cpu_idle,0.0013510371887849272
165.2239409999993,165.45387599999958,0.22993500000029599,core 2 cpu_frequency,None
165.45387599999958,167.74248699999953,2.288610999999946,core 2 cpu_idle,0.06203600521039854
167.74248699999953,167.74561099999937,0.003123999999843363,core 2 cpu_frequency,None
167.74561099999937,167.7625339999995,0.01692300000013347,core 2 cpu_idle,0.0004587216072036179
167.7625339999995,167.78418199999942,0.021647999999913736,core 2 cpu_frequency,None
167.78418199999942,170.19544099999985,2.4112590000004275,core 2 cpu_idle,0.06536055095761159
170.19544099999985,170.26989699999922,0.07445599999937258,core 2 cpu_frequency,None
170.26989699999922,170.27301499999976,0.0031180000005406328,core 2 cpu_frequency,None
170.27301499999976,174.24721799999952,3.9742029999997612,core 2 cpu_idle,0.10772633619919353
174.24721799999952,174.24815299999955,0.0009350000000267755,core 2 cpu_frequency,None
174.24815299999955,174.2624049999995,0.0142519999999422,core 2 cpu_idle,0.00038632041279843324
174.2624049999995,174.26253499999984,0.00013000000035390258,core 2 cpu_frequency,None
174.26253499999984,174.2824759999994,0.019940999999562337,core 2 cpu_idle,0.0005405287223881365
174.2824759999994,174.28320199999962,0.0007260000002133893,core 2 cpu_frequency,None
174.28320199999962,181.34249499999987,7.0592930000002525,core 2 cpu_idle,0.19135201977520683
181.34249499999987,181.3427589999992,0.0002639999993334641,core 2 cpu_frequency,None
181.3427589999992,181.36243099999956,0.019672000000355183,core 2 cpu_idle,0.0005332371008096277
181.36243099999956,181.36750699999993,0.005076000000372005,core 2 cpu_frequency,None
181.36750699999993,181.38246299999992,0.01495599999998376,core 2 cpu_idle,0.0004054033183995598
181.38246299999992,181.39069999999992,0.008237000000008265,core 2 cpu_frequency,None
181.39069999999992,181.40278299999954,0.01208299999962037,core 2 cpu_idle,0.00032752663118970957
181.40278299999954,181.4030219999995,0.0002389999999650172,core 2 cpu_frequency,None
181.4030219999995,181.42247899999984,0.019457000000329572,core 2 cpu_idle,0.0005274092248089335
181.42247899999984,181.44244999999955,0.019970999999713968,core 2 cpu_frequency,None
181.44244999999955,181.44583199999943,0.003381999999874097,core 2 cpu_frequency,None
181.44583199999943,181.48252299999967,0.03669100000024628,core 2 cpu_idle,0.0009945609224066756
181.48252299999967,181.48262199999954,9.899999986373587e-05,core 2 cpu_frequency,None
181.48262199999954,181.50242799999978,0.01980600000024424,core 2 cpu_idle,0.0005368693584066204
181.50242799999978,181.5026489999991,0.0002209999993283418,core 2 cpu_frequency,None
181.5026489999991,181.52241699999922,0.019768000000112806,core 2 cpu_idle,0.0005358393152030578
181.52241699999922,181.5299959999993,0.00757900000007794,core 2 cpu_frequency,None
181.5299959999993,181.60247099999924,0.07247499999994034,core 2 cpu_idle,0.0019645363399983825
181.60247099999924,181.60269999999946,0.00022900000021763844,core 2 cpu_frequency,None
181.60269999999946,181.62245799999982,0.019758000000365428,core 2 cpu_idle,0.0005355682512099055
181.62245799999982,181.62272699999903,0.00026899999920715345,core 2 cpu_frequency,None
181.62272699999903,181.64245999999912,0.019733000000087486,core 2 cpu_idle,0.0005348905912023715
181.64245999999912,181.6502529999998,0.00779300000067451,core 2 cpu_frequency,None
181.6502529999998,181.68250499999976,0.032251999999971304,core 2 cpu_idle,0.0008742356127992221
181.68250499999976,181.68272799999977,0.0002230000000054133,core 2 cpu_frequency,None
181.68272799999977,181.70243199999913,0.019703999999364896,core 2 cpu_idle,0.0005341045055827846
181.70243199999913,181.70298599999933,0.0005540000001929002,core 2 cpu_frequency,None
181.70298599999933,181.72899999999936,0.026014000000031956,core 2 cpu_idle,0.0007051458896008662
0.0,1.806988999999703,1.806988999999703,core 3 cpu_idle start,0.04898096662959195
1.806988999999703,1.9626149999994595,0.15562599999975646,core 3 cpu_idle,0.004218460606393398
1.9626149999994595,1.9628259999990405,0.00021099999958096305,core 3 cpu_frequency,None
1.9628259999990405,2.0425549999990835,0.07972900000004302,core 3 cpu_idle,0.002161166165601166
2.0425549999990835,2.0427539999991495,0.0001990000000660075,core 3 cpu_frequency,None
2.0427539999991495,2.08275599999979,0.04000200000064069,core 3 cpu_idle,0.0010843102128173668
2.08275599999979,2.0832879999998113,0.0005320000000210712,core 3 cpu_frequency,None
2.0832879999998113,2.7110539999994216,0.6277659999996104,core 3 cpu_idle,0.01701647630238944
2.7110539999994216,2.711747999999716,0.0006940000002941815,core 3 cpu_frequency,None
2.711747999999716,2.7226629999995566,0.010914999999840802,core 3 cpu_idle,0.0002958663559956847
2.7226629999995566,2.7231859999992594,0.0005229999997027335,core 3 cpu_frequency,None
2.7231859999992594,3.962478999999803,1.2392930000005435,core 3 cpu_idle,0.03359277177521473
3.962478999999803,3.973190999999133,0.010711999999330146,core 3 cpu_frequency,None
3.973190999999133,3.983057999999801,0.009867000000667758,core 3 cpu_idle,0.00026745884881810054
3.983057999999801,3.983561999999438,0.000503999999637017,core 3 cpu_frequency,None
3.983561999999438,4.0024249999996755,0.018863000000237662,core 3 cpu_idle,0.0005113080232064421
4.0024249999996755,4.002574999999524,0.00014999999984866008,core 3 cpu_frequency,None
4.002574999999524,4.05701499999941,0.05443999999988591,core 3 cpu_idle,0.0014756724159969074
4.05701499999941,4.057123999999931,0.00010900000052060932,core 3 cpu_frequency,None
4.057123999999931,4.137713999999505,0.0805899999995745,core 3 cpu_idle,0.002184504775988466
4.137713999999505,4.142459999999119,0.004745999999613559,core 3 cpu_frequency,None
4.142459999999119,4.142772999999579,0.0003130000004603062,core 3 cpu_frequency,None
4.142772999999579,4.162470999999641,0.019698000000062166,core 3 cpu_idle,0.000533941867201685
4.162470999999641,4.184872999999243,0.022401999999601685,core 3 cpu_frequency,None
4.184872999999243,4.188614999999118,0.003741999999874679,core 3 cpu_frequency,None
4.188614999999118,4.202715999999782,0.014101000000664499,core 3 cpu_idle,0.0003822273464180122
4.202715999999782,4.20284299999912,0.0001269999993382953,core 3 cpu_frequency,None
4.20284299999912,4.205503999999564,0.0026610000004438916,core 3 cpu_idle,7.21301304120323e-05
4.205503999999564,4.207517999999254,0.002013999999689986,core 3 cpu_frequency,None
4.207517999999254,4.210374999999658,0.0028570000004037865,core 3 cpu_idle,7.74429848109452e-05
4.210374999999658,4.212709999999788,0.002335000000130094,core 3 cpu_frequency,None
4.212709999999788,4.432906999999432,0.2201969999996436,core 3 cpu_idle,0.005968747960790339
4.432906999999432,4.4332989999993515,0.00039199999991978984,core 3 cpu_frequency,None
4.4332989999993515,4.4745679999996355,0.041269000000283995,core 3 cpu_idle,0.001118654021607698
4.4745679999996355,4.475466999999298,0.0008989999996629194,core 3 cpu_frequency,None
4.475466999999298,4.609062999999878,0.1335960000005798,core 3 cpu_idle,0.0036213066144157166
4.609062999999878,4.620616999999584,0.011553999999705411,core 3 cpu_frequency,None
4.620616999999584,4.7053649999998015,0.08474800000021787,core 3 cpu_idle,0.0022972131872059055
4.7053649999998015,4.705857999999353,0.0004929999995511025,core 3 cpu_frequency,None
4.705857999999353,4.782482999999047,0.07662499999969441,core 3 cpu_idle,0.0020770278999917165
4.782482999999047,4.782680999999684,0.00019800000063696643,core 3 cpu_frequency,None
4.782680999999684,4.802456999999777,0.01977600000009261,core 3 cpu_idle,0.0005360561664025103
4.802456999999777,4.802609999999731,0.00015299999995477265,core 3 cpu_frequency,None
4.802609999999731,4.922618999999031,0.1200089999992997,core 3 cpu_idle,0.003253011957581017
4.922618999999031,4.922804999999244,0.00018600000021251617,core 3 cpu_frequency,None
4.922804999999244,4.975665999999364,0.05286100000012084,core 3 cpu_idle,0.0014328714104032754
4.975665999999364,4.97635899999932,0.0006929999999556458,core 3 cpu_frequency,None
4.97635899999932,5.302480999999716,0.32612200000039593,core 3 cpu_idle,0.008839993380810733
5.302480999999716,5.322422999999617,0.019941999999900872,core 3 cpu_frequency,None
5.322422999999617,5.332862999999634,0.01044000000001688,core 3 cpu_frequency,None
5.332862999999634,5.342706999999791,0.009844000000157394,core 3 cpu_idle,0.0002668354016042664
5.342706999999791,5.343186999999489,0.0004799999996976112,core 3 cpu_frequency,None
5.343186999999489,5.8646349999999074,0.5214480000004187,core 3 cpu_idle,0.01413457806721135
5.8646349999999074,5.864793999999165,0.00015899999925750308,core 3 cpu_frequency,None
5.864793999999165,5.90273999999954,0.037946000000374625,core 3 cpu_idle,0.0010285794544101546
5.90273999999954,5.903040999999575,0.0003010000000358559,core 3 cpu_frequency,None
5.903040999999575,6.122475999999551,0.21943499999997584,core 3 cpu_idle,0.005948092883999345
6.122475999999551,6.1227349999999205,0.0002590000003692694,core 3 cpu_frequency,None
6.1227349999999205,6.141330999999809,0.01859599999988859,core 3 cpu_idle,0.00050407061439698
6.141330999999809,6.149140999999872,0.007810000000063155,core 3 cpu_frequency,None
6.149140999999872,6.14948799999911,0.00034699999923759606,core 3 cpu_frequency,None
6.14948799999911,6.174127999999655,0.024640000000545115,core 3 cpu_idle,0.0006679016960147761
6.174127999999655,6.174509999999827,0.0003820000001724111,core 3 cpu_frequency,None
6.174509999999827,6.724429999999302,0.5499199999994744,core 3 cpu_idle,0.014906351487985752
6.724429999999302,6.724471999999878,4.200000057608122e-05,core 3 cpu_frequency,None
6.724471999999878,6.742718999999852,0.018246999999973923,core 3 cpu_idle,0.0004946104807992931
6.742718999999852,6.74305799999911,0.0003389999992577941,core 3 cpu_frequency,None
6.74305799999911,7.222468999999364,0.4794110000002547,core 3 cpu_idle,0.012995106330406904
7.222468999999364,7.222598999999718,0.00013000000035390258,core 3 cpu_frequency,None
7.222598999999718,7.242699999999786,0.02010100000006787,core 3 cpu_idle,0.0005448657464018397
7.242699999999786,7.243170999999165,0.0004709999993792735,core 3 cpu_frequency,None
7.243170999999165,9.122474999999213,1.8793040000000474,core 3 cpu_idle,0.05094116594560128
9.122474999999213,9.122679999999491,0.00020500000027823262,core 3 cpu_frequency,None
9.122679999999491,9.621895999999651,0.4992160000001604,core 3 cpu_idle,0.013531948582404347
9.621895999999651,9.621988999999303,9.299999965151073e-05,core 3 cpu_frequency,None
9.621988999999303,9.625724999999875,0.0037360000005719485,core 3 cpu_idle,0.00010126951041550346
9.625724999999875,9.625863999999638,0.00013899999976274557,core 3 cpu_frequency,None
9.625863999999638,9.663916999999856,0.03805300000021816,core 3 cpu_idle,0.0010314798392059136
9.663916999999856,9.664065999999366,0.00014899999951012433,core 3 cpu_frequency,None
9.664065999999366,9.67100499999924,0.006938999999874795,core 3 cpu_idle,0.00018809130959660615
9.67100499999924,9.67812099999992,0.0071160000006784685,core 3 cpu_frequency,None
9.67812099999992,9.75373799999943,0.07561699999951088,core 3 cpu_idle,0.0020497046487867416
9.75373799999943,9.754753999999593,0.0010160000001633307,core 3 cpu_frequency,None
9.754753999999593,9.754982999999811,0.00022900000021763844,core 3 cpu_frequency,None
9.754982999999811,9.755932999999459,0.0009499999996478437,core 3 cpu_idle,2.5751079990454308e-05
9.755932999999459,9.75595599999906,2.299999960087007e-05,core 3 cpu_frequency,None
9.75595599999906,9.756234999999833,0.0002790000007735216,core 3 cpu_idle,7.562685620967386e-06
9.756234999999833,9.756404999999177,0.00016999999934341758,core 3 cpu_frequency,None
9.756404999999177,9.756586999999854,0.00018200000067736255,core 3 cpu_frequency,None
9.756586999999854,9.756829999999354,0.00024299999950017082,core 3 cpu_frequency,None
9.756829999999354,9.757666999999856,0.0008370000005015754,core 3 cpu_idle,2.26880568135959e-05
9.757666999999856,9.757744999999886,7.80000000304426e-05,core 3 cpu_frequency,None
9.757744999999886,9.75784399999975,9.899999986373587e-05,core 3 cpu_frequency,None
9.75784399999975,9.757918999999674,7.499999992433004e-05,core 3 cpu_frequency,None
9.757918999999674,9.758461999999781,0.0005430000001069857,core 3 cpu_idle,1.4718775202899995e-05
9.758461999999781,9.758522999999514,6.099999973230297e-05,core 3 cpu_frequency,None
9.758522999999514,9.758558999999877,3.600000036385609e-05,core 3 cpu_frequency,None
9.758558999999877,9.758625999999822,6.69999999445281e-05,core 3 cpu_frequency,None
9.758625999999822,9.758672999999362,4.6999999540275894e-05,core 3 cpu_frequency,None
9.758672999999362,9.75875299999916,7.999999979801942e-05,core 3 cpu_frequency,None
9.75875299999916,9.75880799999959,5.500000042957254e-05,core 3 cpu_frequency,None
9.75880799999959,9.759150999999292,0.00034299999970244244,core 3 cpu_idle,9.297495191934286e-06
9.759150999999292,9.759210999999596,6.000000030326191e-05,core 3 cpu_frequency,None
9.759210999999596,9.75930199999948,9.099999988393392e-05,core 3 cpu_frequency,None
9.75930199999948,9.759360999999444,5.899999996472616e-05,core 3 cpu_frequency,None
9.759360999999444,9.759414999999535,5.400000009103678e-05,core 3 cpu_frequency,None
9.759414999999535,9.759475999999268,6.099999973230297e-05,core 3 cpu_frequency,None
9.759475999999268,9.759522999999717,4.7000000449770596e-05,core 3 cpu_frequency,None
9.759522999999717,9.759527999999591,4.999999873689376e-06,core 3 cpu_idle,1.3553199657617369e-07
9.759527999999591,9.759576999999808,4.9000000217347406e-05,core 3 cpu_frequency,None
9.759576999999808,9.759603999999854,2.700000004551839e-05,core 3 cpu_frequency,None
9.759603999999854,9.759623999999349,1.9999999494757503e-05,core 3 cpu_frequency,None
9.759623999999349,9.759624999999687,1.0000003385357559e-06,core 3 cpu_idle,2.7106409176485614e-08
9.759624999999687,9.760052999999061,0.00042799999937415123,core 3 cpu_frequency,None
9.760052999999061,9.76035199999933,0.0002990000002682791,core 3 cpu_idle,8.10481360727208e-06
9.76035199999933,9.760404999999082,5.2999999752501026e-05,core 3 cpu_frequency,None
9.760404999999082,9.760487999999896,8.300000081362668e-05,core 3 cpu_frequency,None
9.760487999999896,9.76053899999988,5.0999999984924216e-05,core 3 cpu_frequency,None
9.76053899999988,9.760602999999719,6.399999983841553e-05,core 3 cpu_frequency,None
9.760602999999719,9.760654999999133,5.199999941396527e-05,core 3 cpu_frequency,None
9.760654999999133,9.76068899999973,3.400000059627928e-05,core 3 cpu_frequency,None
9.76068899999973,9.76075899999978,7.000000005064066e-05,core 3 cpu_frequency,None
9.76075899999978,9.760807999999088,4.8999999307852704e-05,core 3 cpu_frequency,None
9.760807999999088,9.761006999999154,0.0001990000000660075,core 3 cpu_frequency,None
9.761006999999154,9.76102499999979,1.8000000636675395e-05,core 3 cpu_idle,4.879152172579779e-07
9.76102499999979,9.761045999999624,2.099999983329326e-05,core 3 cpu_frequency,None
9.761045999999624,9.761078999999881,3.300000025774352e-05,core 3 cpu_idle,8.94511206986499e-07
9.761078999999881,9.761153999999806,7.499999992433004e-05,core 3 cpu_frequency,None
9.761153999999806,9.770617999999558,0.00946399999975256,core 3 cpu_idle,0.00025653496959329275
9.770617999999558,9.770634999999857,1.700000029813964e-05,core 3 cpu_frequency,None
9.770634999999857,9.926013999999668,0.15537899999981164,core 3 cpu_idle,0.004211765325594894
9.926013999999668,9.926134999999704,0.00012100000003556488,core 3 cpu_frequency,None
9.926134999999704,9.926613999999063,0.00047899999935907545,core 3 cpu_idle,1.2983965582626843e-05
9.926613999999063,9.926948999999695,0.0003350000006321352,core 3 cpu_frequency,None
9.926948999999695,9.927850999999464,0.000901999999769032,core 3 cpu_idle,2.444997279373929e-05
9.927850999999464,9.927937999999813,8.70000003487803e-05,core 3 cpu_frequency,None
9.927937999999813,9.9279949999991,5.6999999287654646e-05,core 3 cpu_frequency,None
9.9279949999991,9.928133999999773,0.00013900000067224028,core 3 cpu_frequency,None
9.928133999999773,9.928147999999055,1.3999999282532372e-05,core 3 cpu_idle,3.794895805520355e-07
9.928147999999055,9.928305999999793,0.00015800000073795673,core 3 cpu_frequency,None
9.928305999999793,9.928398999999445,9.299999965151073e-05,core 3 cpu_idle,2.5208951905537105e-06
9.928398999999445,9.929696999999578,0.0012980000001334702,core 3 cpu_frequency,None
9.929696999999578,9.95244299999922,0.022745999999642663,core 3 cpu_idle,0.0006165621743903139
9.95244299999922,9.952804999999898,0.0003620000006776536,core 3 cpu_frequency,None
9.952804999999898,9.955174999999144,0.0023699999992459198,core 3 cpu_idle,6.42421679795596e-05
9.955174999999144,9.95741199999975,0.002237000000604894,core 3 cpu_frequency,None
9.95741199999975,10.36074699999972,0.40333499999997,core 3 cpu_idle,0.010932959843999187
10.36074699999972,10.362246999999115,0.0014999999993960955,core 3 cpu_frequency,None
10.362246999999115,10.362476999999672,0.0002300000005561742,core 3 cpu_idle,6.23447201507588e-06
10.362476999999672,10.363325999999688,0.000849000000016531,core 3 cpu_frequency,None
10.363325999999688,10.903267999999116,0.5399419999994279,core 3 cpu_idle,0.014635883828784493
10.903267999999116,10.903662999999142,0.0003950000000259024,core 3 cpu_frequency,None
10.903662999999142,10.946540999999343,0.0428780000002007,core 3 cpu_idle,0.0011622682192054402
10.946540999999343,10.947095999999874,0.0005550000005314359,core 3 cpu_frequency,None
10.947095999999874,11.142479999999523,0.19538399999964895,core 3 cpu_idle,0.0052961568575904845
11.142479999999523,11.142727999999806,0.0002480000002833549,core 3 cpu_frequency,None
11.142727999999806,11.172445999999582,0.029717999999775202,core 3 cpu_idle,0.0008055479951939065
11.172445999999582,11.172534999999698,8.900000011635711e-05,core 3 cpu_frequency,None
11.172534999999698,11.182438999999249,0.00990399999955116,core 3 cpu_idle,0.00026846178558783356
11.182438999999249,11.182509999999638,7.100000038917642e-05,core 3 cpu_frequency,None
11.182509999999638,11.55594199999905,0.37343199999941135,core 3 cpu_idle,0.010122397164784044
11.55594199999905,11.557765999999901,0.001824000000851811,core 3 cpu_frequency,None
11.557765999999901,11.613250999999764,0.05548499999986234,core 3 cpu_idle,0.0015039986039962685
11.613250999999764,11.63195099999939,0.018699999999626016,core 3 cpu_frequency,None
11.63195099999939,12.082188999999744,0.4502380000003541,core 3 cpu_idle,0.012204331323209597
12.082188999999744,12.08221499999945,2.5999999706982635e-05,core 3 cpu_frequency,None
12.08221499999945,12.08244299999933,0.0002279999998791027,core 3 cpu_idle,6.180259196722909e-06
12.08244299999933,12.094176999999036,0.011733999999705702,core 3 cpu_frequency,None
12.094176999999036,12.102509999999711,0.008333000000675383,core 3 cpu_idle,0.0002258776312183072
12.102509999999711,12.10467299999982,0.002163000000109605,core 3 cpu_frequency,None
12.10467299999982,12.1224459999994,0.017772999999579042,core 3 cpu_idle,0.00048176204718858935
12.1224459999994,12.12290799999937,0.0004619999999704305,core 3 cpu_frequency,None
12.12290799999937,14.76246699999956,2.6395590000001903,core 3 cpu_idle,0.07154894207760516
14.76246699999956,14.77263099999982,0.010164000000258966,core 3 cpu_frequency,None
14.77263099999982,14.782441999999719,0.00981099999989965,core 3 cpu_idle,0.0002659408903972799
14.782441999999719,14.813743999999133,0.031301999999413965,core 3 cpu_frequency,None
14.813743999999133,14.822771999999532,0.009028000000398606,core 3 cpu_frequency,None
14.822771999999532,14.896875999999793,0.0741040000002613,core 3 cpu_frequency,None
14.896875999999793,14.90214399999968,0.005267999999887252,core 3 cpu_idle,0.0001427965151969438
14.90214399999968,14.902633999999125,0.00048999999944499,core 3 cpu_frequency,None
14.902633999999125,14.922469999999521,0.01983600000039587,core 3 cpu_idle,0.0005376825504107306
14.922469999999521,14.922678999999334,0.00020899999981338624,core 3 cpu_frequency,None
14.922678999999334,14.942439999999806,0.01976100000047154,core 3 cpu_idle,0.0005356495704127817
14.942439999999806,14.942754999999124,0.0003149999993183883,core 3 cpu_frequency,None
14.942754999999124,15.944581999999173,1.0018270000000484,core 3 cpu_idle,0.02715592339280131
15.944581999999173,15.945285999999214,0.0007040000000415603,core 3 cpu_frequency,None
15.945285999999214,15.982738999999128,0.03745299999991403,core 3 cpu_idle,0.0010152159991976696
15.982738999999128,15.983056999999462,0.00031800000033399556,core 3 cpu_frequency,None
15.983056999999462,16.10469799999919,0.12164099999972677,core 3 cpu_idle,0.0032972496023925936
16.10469799999919,16.105302999999367,0.0006050000001778244,core 3 cpu_frequency,None
16.105302999999367,16.128813999999693,0.02351100000032602,core 3 cpu_idle,0.0006372985704088373
16.128813999999693,16.128915999999663,0.00010199999996984843,core 3 cpu_frequency,None
16.128915999999663,19.799488999999085,3.670572999999422,core 3 cpu_idle,0.09949601996718432
19.799488999999085,19.805206999999427,0.005718000000342727,core 3 cpu_frequency,None
19.805206999999427,19.80570499999976,0.0004980000003342866,core 3 cpu_frequency,None
19.80570499999976,20.102522999999564,0.29681799999980285,core 3 cpu_idle,0.008045667435194656
20.102522999999564,20.102778999999828,0.00025600000026315683,core 3 cpu_frequency,None
20.102778999999828,20.12246199999936,0.019682999999531603,core 3 cpu_idle,0.0005335352711873034
20.12246199999936,20.12267399999928,0.0002119999999194988,core 3 cpu_frequency,None
20.12267399999928,20.242466999999124,0.11979299999984505,core 3 cpu_idle,0.0032471569751957997
20.242466999999124,20.242768999999498,0.0003020000003743917,core 3 cpu_frequency,None
20.242768999999498,20.983218999999735,0.7404500000002372,core 3 cpu_idle,0.020070933880006428
20.983218999999735,20.983282999999574,6.399999983841553e-05,core 3 cpu_frequency,None
20.983282999999574,21.022737999999663,0.03945500000008906,core 3 cpu_idle,0.001069483012002414
21.022737999999663,21.02321199999915,0.00047399999948538607,core 3 cpu_frequency,None
21.02321199999915,26.02327399999922,5.000062000000071,core 3 cpu_idle,0.1355336805968019
26.02327399999922,26.02367399999912,0.0003999999998995918,core 3 cpu_frequency,None
26.02367399999912,26.10397599999942,0.08030200000030163,core 3 cpu_idle,0.0021766981328081763
26.10397599999942,26.104464999999436,0.0004890000000159489,core 3 cpu_frequency,None
26.104464999999436,29.214883999999074,3.110418999999638,core 3 cpu_idle,0.08431226158159018
29.214883999999074,29.215276999999332,0.0003930000002583256,core 3 cpu_frequency,None
29.215276999999332,29.222783999999592,0.007507000000259723,core 3 cpu_idle,0.00020348774480704015
29.222783999999592,29.223086999999396,0.00030299999980343273,core 3 cpu_frequency,None
29.223086999999396,29.622511999999915,0.3994250000005195,core 3 cpu_idle,0.010826973820014081
29.622511999999915,29.622660999999425,0.00014899999951012433,core 3 cpu_frequency,None
29.622660999999425,29.640164999999797,0.01750400000037189,core 3 cpu_idle,0.00047447042561008055
29.640164999999797,29.642883999999867,0.002719000000070082,core 3 cpu_frequency,None
29.642883999999867,29.643010999999206,0.0001269999993382953,core 3 cpu_frequency,None
29.643010999999206,29.66242599999987,0.019415000000662985,core 3 cpu_idle,0.0005262707560179711
29.66242599999987,29.662802999999258,0.000376999999389227,core 3 cpu_frequency,None
29.662802999999258,30.02276399999937,0.3599610000001121,core 3 cpu_idle,0.009757246850403039
30.02276399999937,30.02294399999937,0.00018000000000029104,core 3 cpu_frequency,None
30.02294399999937,30.024429999999484,0.0014860000001135631,core 3 cpu_idle,4.028011040307829e-05
30.024429999999484,30.024514999999155,8.499999967170879e-05,core 3 cpu_frequency,None
30.024514999999155,30.02838099999917,0.0038660000000163564,core 3 cpu_idle,0.00010479334240044336
30.02838099999917,30.028998999999203,0.0006180000000313157,core 3 cpu_frequency,None
30.028998999999203,30.029245999999148,0.00024699999994481914,core 3 cpu_idle,6.695280798504246e-06
30.029245999999148,30.032317999999577,0.003072000000429398,core 3 cpu_frequency,None
30.032317999999577,30.04240999999911,0.010091999999531254,core 3 cpu_idle,0.00027355778878729396
30.04240999999911,30.042999999999665,0.0005900000005567563,core 3 cpu_frequency,None
30.042999999999665,30.062753999999586,0.01975399999992078,core 3 cpu_idle,0.0005354598255978526
30.062753999999586,30.06288399999903,0.00012999999944440788,core 3 cpu_frequency,None
30.06288399999903,31.06444399999964,1.0015600000006089,core 3 cpu_idle,0.027148685984016502
31.06444399999964,31.06510999999955,0.0006659999999101274,core 3 cpu_frequency,None
31.06510999999955,31.082721999999194,0.017611999999644468,core 3 cpu_idle,0.00047739791679036277
31.082721999999194,31.08303899999919,0.0003169999999954598,core 3 cpu_frequency,None
31.08303899999919,35.50249199999962,4.419453000000431,core 3 cpu_idle,0.11979546079921168
35.50249199999962,35.66297399999985,0.16048200000022916,core 3 cpu_frequency,None
35.66297399999985,60.262690999999904,24.599717000000055,core 3 cpu_idle,0.6668097688888015
60.262690999999904,60.29079499999989,0.028103999999984808,core 3 cpu_frequency,None
60.29079499999989,79.58249599999908,19.291700999999193,core 3 cpu_idle,0.5229285639863781
79.58249599999908,79.67300799999975,0.09051200000067183,core 3 cpu_frequency,None
79.67300799999975,79.67431999999917,0.0013119999994160025,core 3 cpu_frequency,None
79.67431999999917,89.94244899999921,10.268129000000044,core 3 cpu_idle,0.2783320119256012
89.94244899999921,89.94253599999956,8.70000003487803e-05,core 3 cpu_frequency,None
89.94253599999956,89.96264699999938,0.02011099999981525,core 3 cpu_idle,0.0005451368103949921
89.96264699999938,89.96286899999905,0.00022199999966687756,core 3 cpu_frequency,None
89.96286899999905,90.07122799999979,0.10835900000074616,core 3 cpu_idle,0.0029372223976202256
90.07122799999979,90.07133499999964,0.00010699999984353781,core 3 cpu_frequency,None
90.07133499999964,94.9937089999994,4.922373999999763,core 3 cpu_idle,0.13342783859359358
94.9937089999994,94.99401399999988,0.00030500000048050424,core 3 cpu_frequency,None
94.99401399999988,95.00249499999973,0.008480999999846972,core 3 cpu_idle,0.00022988937839585195
95.00249499999973,95.00312399999984,0.0006290000001172302,core 3 cpu_frequency,None
95.00312399999984,96.60247299999992,1.5993490000000747,core 3 cpu_idle,0.04335259373360203
96.60247299999992,96.60287099999914,0.0003979999992225203,core 3 cpu_frequency,None
96.60287099999914,96.71132899999975,0.1084580000006099,core 3 cpu_idle,0.0029399059312165323
96.71132899999975,96.7124019999992,0.0010729999994509853,core 3 cpu_frequency,None
96.7124019999992,101.62457599999925,4.91217400000005,core 3 cpu_idle,0.13315135331360134
101.62457599999925,101.6252599999998,0.0006840000005468028,core 3 cpu_frequency,None
101.6252599999998,101.7474259999999,0.12216600000010658,core 3 cpu_idle,0.003311480462402889
101.7474259999999,101.74842699999954,0.0010009999996327679,core 3 cpu_frequency,None
101.74842699999954,106.6824489999999,4.934022000000368,core 3 cpu_idle,0.13374357394081
106.6824489999999,106.6829859999998,0.0005369999998947605,core 3 cpu_frequency,None
106.6829859999998,106.77284599999984,0.08986000000004424,core 3 cpu_idle,0.002435781104001199
106.77284599999984,106.84128799999962,0.06844199999977718,core 3 cpu_frequency,None
106.84128799999962,111.96536099999958,5.124072999999953,core 3 cpu_idle,0.13889517236719873
111.96536099999958,112.2915209999992,0.32615999999961787,core 3 cpu_frequency,None
112.2915209999992,112.30997399999978,0.01845300000059069,core 3 cpu_frequency,None
112.30997399999978,123.6624899999997,11.352515999999923,core 3 cpu_idle,0.3077258397023979
123.6624899999997,123.66273499999988,0.00024500000017724233,core 3 cpu_frequency,None
123.66273499999988,123.69921899999918,0.03648399999929097,core 3 cpu_idle,0.0009889498975807808
123.69921899999918,123.70121499999914,0.0019959999999628053,core 3 cpu_frequency,None
123.70121499999914,129.7624849999993,6.06127000000015,core 3 cpu_idle,0.16429920912800405
129.7624849999993,129.7824389999996,0.019954000000325323,core 3 cpu_frequency,None
129.7824389999996,129.79416199999923,0.011722999999619788,core 3 cpu_frequency,None
129.79416199999923,129.80239999999958,0.008238000000346801,core 3 cpu_idle,0.00022330252320940054
129.80239999999958,129.80241899999965,1.900000006571645e-05,core 3 cpu_frequency,None
129.80241899999965,129.82239799999934,0.01997899999969377,core 3 cpu_idle,0.0005415587655916992
129.82239799999934,129.82244599999922,4.799999987881165e-05,core 3 cpu_frequency,None
129.82244599999922,129.84241999999904,0.01997399999982008,core 3 cpu_idle,0.000541423233595123
129.84241999999904,129.8425129999996,9.300000056100544e-05,core 3 cpu_frequency,None
129.8425129999996,129.86243099999956,0.019917999999961467,core 3 cpu_idle,0.0005399052751989554
129.86243099999956,129.8625349999993,0.00010399999973742524,core 3 cpu_frequency,None
129.8625349999993,129.8824259999992,0.019890999999915948,core 3 cpu_idle,0.0005391734023977217
129.8824259999992,129.88249799999903,7.199999981821747e-05,core 3 cpu_frequency,None
129.88249799999903,129.9024249999993,0.019927000000279804,core 3 cpu_idle,0.0005401492328075845
129.9024249999993,129.90246999999908,4.4999999772699084e-05,core 3 cpu_frequency,None
129.90246999999908,129.92272499999945,0.02025500000036118,core 3 cpu_idle,0.0005490401320097902
129.92272499999945,129.9235549999994,0.0008299999999508145,core 3 cpu_frequency,None
129.9235549999994,132.86249399999906,2.938938999999664,core 3 cpu_idle,0.07966405610959089
132.86249399999906,132.8626209999993,0.00012700000024779,core 3 cpu_frequency,None
132.8626209999993,132.88245299999926,0.019831999999951222,core 3 cpu_idle,0.0005375741247986778
132.88245299999926,132.90244399999938,0.01999100000011822,core 3 cpu_frequency,None
132.90244399999938,132.92763599999944,0.025192000000060943,core 3 cpu_frequency,None
132.92763599999944,132.98821299999963,0.06057700000019395,core 3 cpu_frequency,None
132.98821299999963,132.98951399999987,0.0013010000002395827,core 3 cpu_frequency,None
132.98951399999987,137.9164039999996,4.92688999999973,core 3 cpu_idle,0.1335502510959927
137.9164039999996,137.91734599999927,0.0009419999996680417,core 3 cpu_frequency,None
137.91734599999927,138.11353899999904,0.19619299999976647,core 3 cpu_idle,0.00531808593519367
138.11353899999904,138.11472399999911,0.0011850000000777072,core 3 cpu_frequency,None
138.11472399999911,139.0624859999998,0.9477620000006937,core 3 cpu_idle,0.025690415876818803
139.0624859999998,139.0625999999993,0.000113999999484804,core 3 cpu_frequency,None
139.0625999999993,139.0824509999993,0.01985100000001694,core 3 cpu_idle,0.0005380891464004591
139.0824509999993,139.08258699999988,0.0001360000005661277,core 3 cpu_frequency,None
139.08258699999988,140.2424919999994,1.159904999999526,core 3 cpu_idle,0.03144084889198715
140.2424919999994,140.24259799999982,0.00010600000041449675,core 3 cpu_frequency,None
140.24259799999982,140.26270199999908,0.020103999999264488,core 3 cpu_idle,0.0005449470655800629
140.26270199999908,140.2629199999992,0.00021800000013172394,core 3 cpu_frequency,None
140.2629199999992,165.1224719999991,24.859551999999894,core 3 cpu_idle,0.6738529603327971
165.1224719999991,165.1225519999998,8.000000070751412e-05,core 3 cpu_frequency,None
165.1225519999998,165.1424279999992,0.019875999999385385,core 3 cpu_idle,0.00053876680638334
165.1424279999992,165.1427849999991,0.0003569999998944695,core 3 cpu_frequency,None
165.1427849999991,165.17373599999974,0.030951000000641216,core 3 cpu_idle,0.0008389701864173811
165.17373599999974,165.2239439999994,0.05020799999965675,core 3 cpu_frequency,None
165.2239439999994,165.2244039999996,0.0004600000002028537,core 3 cpu_frequency,None
165.2244039999996,167.74248799999987,2.5180840000002718,core 3 cpu_idle,0.06825619213760736
167.74248799999987,167.76253899999938,0.020050999999511987,core 3 cpu_frequency,None
167.76253899999938,167.7841099999996,0.02157100000022183,core 3 cpu_frequency,None
167.7841099999996,170.19544199999928,2.4113319999996747,core 3 cpu_idle,0.06536252972479119
170.19544199999928,170.19702299999972,0.0015810000004421454,core 3 cpu_frequency,None
170.19702299999972,170.26989999999932,0.0728769999996075,core 3 cpu_idle,0.0019754331127893607
170.26989999999932,170.27126599999974,0.001366000000416534,core 3 cpu_frequency,None
170.27126599999974,174.24721899999986,3.9759530000001178,core 3 cpu_idle,0.10777377239920319
174.24721899999986,174.2488399999993,0.0016209999994316604,core 3 cpu_frequency,None
174.2488399999993,174.2624049999995,0.01356500000019878,core 3 cpu_idle,0.00036769831600538816
174.2624049999995,174.2625679999992,0.0001629999997021514,core 3 cpu_frequency,None
174.2625679999992,174.2824789999995,0.0199110000003202,core 3 cpu_idle,0.0005397155304086795
174.2824789999995,174.28262899999936,0.00014999999984866008,core 3 cpu_frequency,None
174.28262899999936,181.34249699999964,7.059868000000279,core 3 cpu_idle,0.19136760595520755
181.34249699999964,181.3440639999999,0.0015670000002501183,core 3 cpu_frequency,None
181.3440639999999,181.3624319999999,0.018368000000009488,core 3 cpu_idle,0.0004978903552002572
181.3624319999999,181.3624809999992,4.8999999307852704e-05,core 3 cpu_frequency,None
181.3624809999992,181.38246499999968,0.019984000000476954,core 3 cpu_idle,0.0005416942976129285
181.38246499999968,181.38284699999986,0.0003820000001724111,core 3 cpu_frequency,None
181.38284699999986,181.4027849999993,0.019937999999456224,core 3 cpu_idle,0.0005404474031852601
181.4027849999993,181.40291799999977,0.00013300000046001514,core 3 cpu_frequency,None
181.40291799999977,181.4224809999996,0.019562999999834574,core 3 cpu_idle,0.0005302825031955158
181.4224809999996,181.42263299999922,0.0001519999996162369,core 3 cpu_frequency,None
181.42263299999922,181.44245199999932,0.01981900000009773,core 3 cpu_idle,0.0005372217416026491
181.44245199999932,181.4427169999999,0.00026500000058149453,core 3 cpu_frequency,None
181.4427169999999,181.48252499999944,0.03980799999953888,core 3 cpu_idle,0.0010790515711875007
181.48252499999944,181.48272799999904,0.0002029999996011611,core 3 cpu_frequency,None
181.48272799999904,181.5024289999992,0.01970100000016828,core 3 cpu_idle,0.0005340231864045614
181.5024289999992,181.51108399999976,0.008655000000544533,core 3 cpu_frequency,None
181.51108399999976,181.52241799999956,0.01133399999980611,core 3 cpu_idle,0.0003072239375947443
181.52241799999956,181.52260999999908,0.0001919999995152466,core 3 cpu_frequency,None
181.52260999999908,181.60247299999992,0.07986300000084157,core 3 cpu_idle,0.0021647984232228117
181.60247299999992,181.60264899999947,0.00017599999955564272,core 3 cpu_frequency,None
181.60264899999947,181.62245899999925,0.019809999999779393,core 3 cpu_idle,0.0005369777839940201
181.62245899999925,181.6226969999998,0.00023800000053597614,core 3 cpu_frequency,None
181.6226969999998,181.64246099999946,0.019763999999668158,core 3 cpu_idle,0.0005357308895910049
181.64246099999946,181.64266699999916,0.00020599999970727367,core 3 cpu_frequency,None
181.64266699999916,181.6825059999992,0.039839000000029046,core 3 cpu_idle,0.0010798918696007874
181.6825059999992,181.68290499999966,0.00039900000047055073,core 3 cpu_frequency,None
181.68290499999966,181.70243299999947,0.019527999999809253,core 3 cpu_idle,0.0005293337791948295
181.70243299999947,181.7031249999991,0.00069199999961711,core 3 cpu_frequency,None
181.7031249999991,181.72899999999936,0.02587500000026921,core 3 cpu_idle,0.0007013781000072973
0.0,1.9059269999997923,1.9059269999997923,core 4 cpu_idle start,0.05166281963279437
1.9059269999997923,1.962638999999399,0.05671199999960663,core 4 cpu_idle,0.0015372581567893373
1.962638999999399,1.9942429999991873,0.03160399999978836,core 4 cpu_frequency,None
1.9942429999991873,2.633528999999726,0.6392860000005385,core 4 cpu_idle,0.017328742030414596
2.633528999999726,2.642877999999655,0.00934899999992922,core 4 cpu_frequency,None
2.642877999999655,2.747158999999556,0.10428099999990081,core 4 cpu_frequency,None
2.747158999999556,4.210316999999122,1.4631579999995665,core 4 cpu_idle,0.03966094601118825
4.210316999999122,4.216804999999113,0.006487999999990279,core 4 cpu_frequency,None
4.216804999999113,4.222450999999637,0.005646000000524509,core 4 cpu_idle,0.00015304273441421755
4.222450999999637,4.315847999999278,0.09339699999964068,core 4 cpu_frequency,None
4.315847999999278,4.717588999999862,0.4017410000005839,core 4 cpu_idle,0.010889752242415826
4.717588999999862,4.717600999999377,1.1999999514955562e-05,core 4 cpu_frequency,None
4.717600999999377,4.722476999999344,0.004875999999967462,core 4 cpu_idle,0.000132170806399118
4.722476999999344,4.731746999999814,0.009270000000469736,core 4 cpu_frequency,None
4.731746999999814,4.780372999999599,0.04862599999978556,core 4 cpu_idle,0.0013180758063941873
4.780372999999599,4.780697999999575,0.00032499999997526174,core 4 cpu_frequency,None
4.780697999999575,4.7824949999994715,0.0017969999998967978,core 4 cpu_idle,4.871020079720256e-05
4.7824949999994715,4.813582999999198,0.03108799999972689,core 4 cpu_frequency,None
4.813582999999198,4.837133999999423,0.02355100000022503,core 4 cpu_idle,0.0006383828264060997
4.837133999999423,4.837902999999642,0.0007690000002185116,core 4 cpu_frequency,None
4.837902999999642,4.842457999999169,0.004554999999527354,core 4 cpu_idle,0.00012346965198718827
4.842457999999169,4.847086999999192,0.004629000000022643,core 4 cpu_frequency,None
4.847086999999192,4.862445999999181,0.015358999999989464,core 4 cpu_idle,0.0004163271975997144
4.862445999999181,4.872592999999142,0.010146999999960826,core 4 cpu_frequency,None
4.872592999999142,5.703182999999626,0.830590000000484,core 4 cpu_idle,0.022514304776013117
5.703182999999626,5.77194899999904,0.06876599999941391,core 4 cpu_frequency,None
5.77194899999904,6.136509999999362,0.36456100000032166,core 4 cpu_frequency,None
6.136509999999362,9.092892999999094,2.9563829999997324,core 4 cpu_idle,0.08013690015119275
9.092892999999094,9.093103999999585,0.00021100000049045775,core 4 cpu_frequency,None
9.093103999999585,9.102465999999367,0.00936199999978271,core 4 cpu_idle,0.0002537701167941101
9.102465999999367,9.128260999999839,0.02579500000047119,core 4 cpu_frequency,None
9.128260999999839,9.422420999999304,0.29415999999946507,core 4 cpu_idle,0.0079736186239855
9.422420999999304,9.44240499999978,0.019984000000476954,core 4 cpu_frequency,None
9.44240499999978,9.462412999999287,0.020007999999506865,core 4 cpu_frequency,None
9.462412999999287,9.610665999999583,0.1482530000002953,core 4 cpu_frequency,None
9.610665999999583,9.62192899999991,0.011263000000326429,core 4 cpu_idle,0.0003052993832088483
9.62192899999991,9.622415999999248,0.0004869999993388774,core 4 cpu_frequency,None
9.622415999999248,9.622472999999445,5.700000019714935e-05,core 4 cpu_frequency,None
9.622472999999445,9.625787999999375,0.0033149999999295687,core 4 cpu_idle,8.985771599809086e-05
9.625787999999375,9.630463999999847,0.004676000000472413,core 4 cpu_frequency,None
9.630463999999847,9.64245099999971,0.011986999999862746,core 4 cpu_idle,0.00032492441679627955
9.64245099999971,9.72396199999912,0.08151099999940925,core 4 cpu_frequency,None
9.72396199999912,9.754759999999806,0.030798000000686443,core 4 cpu_idle,0.000834822907218607
9.754759999999806,9.755616999999802,0.0008569999999963329,core 4 cpu_frequency,None
9.755616999999802,9.755628999999317,1.1999999514955562e-05,core 4 cpu_idle,3.2527678685219143e-07
9.755628999999317,9.755842999999913,0.00021400000059657032,core 4 cpu_frequency,None
9.755842999999913,9.75665299999946,0.0008099999995465623,core 4 cpu_idle,2.1956183987708936e-05
9.75665299999946,9.757179999999607,0.0005270000001473818,core 4 cpu_frequency,None
9.757179999999607,9.757394999999633,0.00021500000002561137,core 4 cpu_idle,5.8278760006942315e-06
9.757394999999633,9.757622999999512,0.0002279999998791027,core 4 cpu_frequency,None
9.757622999999512,9.757675999999265,5.2999999752501026e-05,core 4 cpu_idle,1.4366391932911937e-06
9.757675999999265,9.758002999999917,0.00032700000065233326,core 4 cpu_frequency,None
9.758002999999917,9.75867499999913,0.0006719999992128578,core 4 cpu_idle,1.8215500778663408e-05
9.75867499999913,9.758876999999302,0.00020200000017212005,core 4 cpu_frequency,None
9.758876999999302,9.759957999999642,0.001081000000340282,core 4 cpu_idle,2.930201840922382e-05
9.759957999999642,9.760707999999795,0.0007500000001527951,core 4 cpu_frequency,None
9.760707999999795,9.762447999999495,0.0017399999996996485,core 4 cpu_idle,4.716513599185855e-05
9.762447999999495,9.76271799999904,0.0002699999995456892,core 4 cpu_frequency,None
9.76271799999904,9.762903999999253,0.00018600000021251617,core 4 cpu_frequency,None
9.762903999999253,9.765098999999282,0.002195000000028813,core 4 cpu_idle,5.949854800078101e-05
9.765098999999282,9.765340999999353,0.00024200000007112976,core 4 cpu_frequency,None
9.765340999999353,9.76647999999932,0.0011389999999664724,core 4 cpu_idle,3.0874189599091184e-05
9.76647999999932,9.766903999999158,0.0004239999998389976,core 4 cpu_frequency,None
9.766903999999158,9.768074999999044,0.0011709999998856802,core 4 cpu_idle,3.17415943969012e-05
9.768074999999044,9.76837599999908,0.0003010000000358559,core 4 cpu_frequency,None
9.76837599999908,9.769222999999329,0.0008470000002489542,core 4 cpu_idle,2.295912080674825e-05
9.769222999999329,9.769305999999233,8.299999990413198e-05,core 4 cpu_frequency,None
9.769305999999233,9.769465999999738,0.00016000000050553354,core 4 cpu_frequency,None
9.769465999999738,9.770339999999123,0.0008739999993849779,core 4 cpu_idle,2.3690993583328963e-05
9.770339999999123,9.770351999999548,1.2000000424450263e-05,core 4 cpu_frequency,None
9.770351999999548,9.771444999999403,0.0010929999998552375,core 4 cpu_idle,2.962729519607601e-05
9.771444999999403,9.771455999999489,1.1000000085914508e-05,core 4 cpu_frequency,None
9.771455999999489,9.773833999999624,0.0023780000001352164,core 4 cpu_idle,6.445901920366523e-05
9.773833999999624,9.774457999999868,0.0006240000002435409,core 4 cpu_frequency,None
9.774457999999868,9.774498999999196,4.099999932805076e-05,core 4 cpu_idle,1.1113623817858751e-06
9.774498999999196,9.774695999999494,0.00019700000029843068,core 4 cpu_frequency,None
9.774695999999494,9.775566999999683,0.00087100000018836,core 4 cpu_idle,2.360967440510576e-05
9.775566999999683,9.775926999999683,0.0003600000000005821,core 4 cpu_frequency,None
9.775926999999683,9.776992999999493,0.0010659999998097192,core 4 cpu_idle,2.889542239484217e-05
9.776992999999493,9.777197999999771,0.00020500000027823262,core 4 cpu_frequency,None
9.777197999999771,9.778275999999096,0.0010779999993246747,core 4 cpu_idle,2.922069918169436e-05
9.778275999999096,9.778304999999818,2.9000000722589903e-05,core 4 cpu_frequency,None
9.778304999999818,9.778324999999313,1.9999999494757503e-05,core 4 cpu_idle,5.421279863046947e-07
9.778324999999313,9.77833499999906,9.999999747378752e-06,core 4 cpu_frequency,None
9.77833499999906,9.779359999999542,0.0010250000004816684,core 4 cpu_idle,2.7784060013056296e-05
9.779359999999542,9.779504999999517,0.0001449999999749707,core 4 cpu_frequency,None
9.779504999999517,9.779545999999755,4.1000000237545464e-05,core 4 cpu_idle,1.1113624064390024e-06
9.779545999999755,9.7796129999997,6.69999999445281e-05,core 4 cpu_frequency,None
9.7796129999997,9.780786999999691,0.0011739999999917927,core 4 cpu_idle,3.182291359977753e-05
9.780786999999691,9.780816999999843,3.0000000151630957e-05,core 4 cpu_frequency,None
9.780816999999843,9.78086599999915,4.8999999307852704e-05,core 4 cpu_idle,1.3282135812383784e-06
9.78086599999915,9.78119499999957,0.00032900000041991007,core 4 cpu_frequency,None
9.78119499999957,9.781879999999546,0.0006849999999758438,core 4 cpu_idle,1.856788399934521e-05
9.781879999999546,9.782057999999779,0.00017800000023271423,core 4 cpu_frequency,None
9.782057999999779,9.783183999999892,0.001126000000112981,core 4 cpu_idle,3.052180640306251e-05
9.783183999999892,9.783214999999473,3.099999958067201e-05,core 4 cpu_frequency,None
9.783214999999473,9.783351999999468,0.00013699999999516876,core 4 cpu_frequency,None
9.783351999999468,9.78505099999984,0.0016990000003715977,core 4 cpu_idle,4.605377361007268e-05
9.78505099999984,9.785064999999122,1.3999999282532372e-05,core 4 cpu_frequency,None
9.785064999999122,9.790486999999302,0.00542200000018056,core 4 cpu_idle,0.00014697090080489434
9.790486999999302,9.793820999999298,0.003333999999995285,core 4 cpu_frequency,None
9.793820999999298,9.793856999999662,3.600000036385609e-05,core 4 cpu_idle,9.758304098628285e-07
9.793856999999662,9.79388199999903,2.499999936844688e-05,core 4 cpu_frequency,None
9.79388199999903,9.802424999999857,0.008543000000827305,core 4 cpu_idle,0.00023156997522242527
9.802424999999857,9.802677999999105,0.00025299999924754957,core 4 cpu_frequency,None
9.802677999999105,9.803744999999253,0.001067000000148255,core 4 cpu_idle,2.8922528804018655e-05
9.803744999999253,9.81239899999946,0.008654000000205997,core 4 cpu_frequency,None
9.81239899999946,9.81273499999952,0.00033600000006117625,core 4 cpu_frequency,None
9.81273499999952,9.813380999999936,0.0006460000004153699,core 4 cpu_frequency,None
9.813380999999936,9.816349999999147,0.002968999999211519,core 4 cpu_frequency,None
9.816349999999147,9.81691899999987,0.000569000000723463,core 4 cpu_frequency,None
9.81691899999987,9.818179999999302,0.0012609999994310783,core 4 cpu_frequency,None
9.818179999999302,9.822391999999127,0.004211999999824911,core 4 cpu_frequency,None
9.822391999999127,9.822637999999642,0.0002460000005157781,core 4 cpu_frequency,None
9.822637999999642,9.823651999999129,0.0010139999994862592,core 4 cpu_frequency,None
9.823651999999129,9.82638599999973,0.002734000000600645,core 4 cpu_frequency,None
9.82638599999973,9.82918299999983,0.0027970000001005246,core 4 cpu_frequency,None
9.82918299999983,9.832408999999643,0.0032259999998132116,core 4 cpu_frequency,None
9.832408999999643,9.836036999999124,0.00362799999948038,core 4 cpu_idle,9.834201918591497e-05
9.836036999999124,9.839363999999478,0.003327000000354019,core 4 cpu_frequency,None
9.839363999999478,9.84238699999969,0.0030230000002120505,core 4 cpu_frequency,None
9.84238699999969,9.845804999999928,0.003418000000237953,core 4 cpu_frequency,None
9.845804999999928,9.852621999999428,0.006816999999500695,core 4 cpu_frequency,None
9.852621999999428,9.855697999999393,0.0030759999999645515,core 4 cpu_frequency,None
9.855697999999393,9.862405999999282,0.00670799999988958,core 4 cpu_frequency,None
9.862405999999282,9.862773999999263,0.000367999999980384,core 4 cpu_idle,9.975155199468281e-06
9.862773999999263,9.862895999999637,0.00012200000037410064,core 4 cpu_frequency,None
9.862895999999637,9.863885999999184,0.0009899999995468534,core 4 cpu_idle,2.6835335987716825e-05
9.863885999999184,9.872404999999162,0.008518999999978405,core 4 cpu_frequency,None
9.872404999999162,9.872747999999774,0.00034300000061193714,core 4 cpu_frequency,None
9.872747999999774,9.87451499999952,0.0017669999997451669,core 4 cpu_frequency,None
9.87451499999952,9.882387999999082,0.007872999999563035,core 4 cpu_frequency,None
9.882387999999082,9.88261599999987,0.0002280000007885974,core 4 cpu_frequency,None
9.88261599999987,9.887141999999585,0.004525999999714259,core 4 cpu_frequency,None
9.887141999999585,9.88944199999969,0.002300000000104774,core 4 cpu_frequency,None
9.88944199999969,9.890639999999621,0.0011979999999311985,core 4 cpu_idle,3.2473467198135036e-05
9.890639999999621,9.902384999999413,0.011744999999791617,core 4 cpu_frequency,None
9.902384999999413,9.90712799999983,0.0047430000004169415,core 4 cpu_frequency,None
9.90712799999983,9.919511999999486,0.012383999999656226,core 4 cpu_frequency,None
9.919511999999486,9.920767999999043,0.001255999999557389,core 4 cpu_frequency,None
9.920767999999043,9.922342999999273,0.0015750000002299203,core 4 cpu_frequency,None
9.922342999999273,9.926875999999538,0.0045330000002650195,core 4 cpu_frequency,None
9.926875999999538,9.930814999999711,0.00393900000017311,core 4 cpu_frequency,None
9.930814999999711,9.9423969999998,0.011582000000089465,core 4 cpu_idle,0.0003139463248024251
9.9423969999998,9.942620999999235,0.00022399999943445437,core 4 cpu_frequency,None
9.942620999999235,29.982492999999522,20.039872000000287,core 4 cpu_idle,0.5432087863808077
29.982492999999522,29.9996859999992,0.01719299999967916,core 4 cpu_frequency,None
29.9996859999992,30.00865799999974,0.008972000000539992,core 4 cpu_frequency,None
30.00865799999974,30.010682999999517,0.0020249999997759005,core 4 cpu_frequency,None
30.010682999999517,30.024436999999125,0.013753999999607913,core 4 cpu_frequency,None
30.024436999999125,30.02582799999982,0.0013910000006944756,core 4 cpu_frequency,None
30.02582799999982,30.028385999999045,0.0025579999992260127,core 4 cpu_frequency,None
30.028385999999045,30.04241499999989,0.014029000000846281,core 4 cpu_frequency,None
30.04241499999989,30.062775999999758,0.02036099999986618,core 4 cpu_frequency,None
30.062775999999758,59.74306299999989,29.680287000000135,core 4 cpu_frequency,None
59.74306299999989,59.76274799999919,0.01968499999929918,core 4 cpu_frequency,None
59.76274799999919,155.54245099999935,95.77970300000015,core 4 cpu_frequency,None
155.54245099999935,155.56242799999927,0.019976999999926193,core 4 cpu_frequency,None
155.56242799999927,155.58262999999988,0.020202000000608678,core 4 cpu_frequency,None
155.58262999999988,155.62395299999935,0.04132299999946554,core 4 cpu_frequency,None
155.62395299999935,174.22648299999946,18.602530000000115,core 4 cpu_frequency,None
174.22648299999946,174.24722699999984,0.020744000000377127,core 4 cpu_frequency,None
174.24722699999984,174.25250199999937,0.005274999999528518,core 4 cpu_frequency,None
174.25250199999937,174.28251699999964,0.030015000000275904,core 4 cpu_frequency,None
174.28251699999964,174.30273899999975,0.020222000000103435,core 4 cpu_frequency,None
174.30273899999975,181.54503699999987,7.242298000000119,core 4 cpu_frequency,None
181.54503699999987,181.56272199999967,0.01768499999980122,core 4 cpu_frequency,None
181.56272199999967,181.72899999999936,0.16627799999969284,core 4 cpu_frequency,0.004507197979191674
0.0,1.962641999999505,1.962641999999505,core 5 cpu_idle start,0.05320015910878658
1.962641999999505,2.6335339999995995,0.6708920000000944,core 5 cpu_frequency,None
2.6335339999995995,2.642885999999635,0.009352000000035332,core 5 cpu_frequency,None
2.642885999999635,4.210318999999799,1.5674330000001646,core 5 cpu_frequency,None
4.210318999999799,4.222453999999743,0.01213499999994383,core 5 cpu_frequency,None
4.222453999999743,4.717591999999058,0.49513799999931507,core 5 cpu_frequency,None
4.717591999999058,4.722480999999789,0.004889000000730448,core 5 cpu_frequency,None
4.722480999999789,4.780376999999135,0.057895999999345804,core 5 cpu_frequency,None
4.780376999999135,4.78249599999981,0.0021190000006754417,core 5 cpu_frequency,None
4.78249599999981,4.842461999999614,0.0599659999998039,core 5 cpu_frequency,None
4.842461999999614,4.862449999999626,0.019988000000012107,core 5 cpu_frequency,None
4.862449999999626,5.703191999999035,0.840741999999409,core 5 cpu_frequency,None
5.703191999999035,5.771957999999358,0.0687660000003234,core 5 cpu_frequency,None
5.771957999999358,9.092896999999539,3.3209390000001804,core 5 cpu_frequency,None
9.092896999999539,9.102468999999473,0.009571999999934633,core 5 cpu_frequency,None
9.102468999999473,9.422422999999071,0.3199539999995977,core 5 cpu_frequency,None
9.422422999999071,9.442406999999548,0.019984000000476954,core 5 cpu_frequency,None
9.442406999999548,9.462415999999394,0.0200089999998454,core 5 cpu_frequency,None
9.462415999999394,9.62192899999991,0.1595130000005156,core 5 cpu_frequency,None
9.62192899999991,9.622417999999925,0.0004890000000159489,core 5 cpu_frequency,None
9.622417999999925,9.642451999999139,0.020033999999213847,core 5 cpu_frequency,None
9.642451999999139,9.755629999999655,0.11317800000051648,core 5 cpu_frequency,None
9.755629999999655,9.756654999999228,0.0010249999995721737,core 5 cpu_frequency,None
9.756654999999228,9.757395999999062,0.0007409999998344574,core 5 cpu_frequency,None
9.757395999999062,9.757676999999603,0.0002810000005410984,core 5 cpu_frequency,None
9.757676999999603,9.758675999999468,0.000998999999865191,core 5 cpu_frequency,None
9.758675999999468,9.75995999999941,0.001283999999941443,core 5 cpu_frequency,None
9.75995999999941,9.762448999999833,0.0024890000004234025,core 5 cpu_frequency,None
9.762448999999833,9.762718999999379,0.0002699999995456892,core 5 cpu_frequency,None
9.762718999999379,9.762737999999445,1.900000006571645e-05,core 5 cpu_frequency,None
9.762737999999445,9.76509999999962,0.0023620000001756125,core 5 cpu_idle,6.402531680476023e-05
9.76509999999962,9.76536599999963,0.0002660000000105356,core 5 cpu_frequency,None
9.76536599999963,9.766480999999658,0.0011150000000270666,core 5 cpu_idle,3.0223636000733678e-05
9.766480999999658,9.76670599999943,0.00022499999977299012,core 5 cpu_frequency,None
9.76670599999943,9.768075999999382,0.0013699999999516876,core 5 cpu_idle,3.713576799869042e-05
9.768075999999382,9.768377999999757,0.0003020000003743917,core 5 cpu_frequency,None
9.768377999999757,9.769223999999667,0.0008459999999104184,core 5 cpu_idle,2.2932014397571765e-05
9.769223999999667,9.769306999999571,8.299999990413198e-05,core 5 cpu_frequency,None
9.769306999999571,9.769397999999455,9.099999988393392e-05,core 5 cpu_frequency,None
9.769397999999455,9.770339999999123,0.0009419999996680417,core 5 cpu_idle,2.5534228791001806e-05
9.770339999999123,9.770560999999361,0.0002210000002378365,core 5 cpu_frequency,None
9.770560999999361,9.771445999999742,0.0008850000003803871,core 5 cpu_idle,2.3989164010310924e-05
9.771445999999742,9.77171399999952,0.0002679999997781124,core 5 cpu_frequency,None
9.77171399999952,9.773834999999053,0.002120999999533524,core 5 cpu_idle,5.749267438735551e-05
9.773834999999053,9.774499999999534,0.0006650000004810863,core 5 cpu_frequency,None
9.774499999999534,9.774758999999904,0.0002590000003692694,core 5 cpu_frequency,None
9.774758999999904,9.775567999999112,0.0008089999992080266,core 5 cpu_idle,2.192907757853245e-05
9.775567999999112,9.775766999999178,0.0001990000000660075,core 5 cpu_frequency,None
9.775766999999178,9.776993999999831,0.0012270000006537884,core 5 cpu_idle,3.325955281772185e-05
9.776993999999831,9.77723799999967,0.00024399999983870657,core 5 cpu_frequency,None
9.77723799999967,9.778276999999434,0.0010389999997642008,core 5 cpu_idle,2.816354959360833e-05
9.778276999999434,9.778293999999732,1.700000029813964e-05,core 5 cpu_frequency,None
9.778293999999732,9.778325999999652,3.199999991920777e-05,core 5 cpu_idle,8.674047978100134e-07
9.778325999999652,9.778478999999606,0.00015299999995477265,core 5 cpu_frequency,None
9.778478999999606,9.77936099999988,0.0008820000002742745,core 5 cpu_idle,2.3907844807434593e-05
9.77936099999988,9.779498999999305,0.00013799999942420982,core 5 cpu_frequency,None
9.779498999999305,9.779546999999184,4.799999987881165e-05,core 5 cpu_idle,1.30110719671502e-06
9.779546999999184,9.779562999999143,1.5999999959603883e-05,core 5 cpu_frequency,None
9.779562999999143,9.78078799999912,0.001224999999976717,core 5 cpu_idle,3.320533999936888e-05
9.78078799999912,9.780866999999489,7.900000036897836e-05,core 5 cpu_frequency,None
9.780866999999489,9.781012999999803,0.00014600000031350646,core 5 cpu_frequency,None
9.781012999999803,9.781880999999885,0.0008680000000822474,core 5 cpu_idle,2.352835520222943e-05
9.781880999999885,9.782021999999415,0.00014099999953032238,core 5 cpu_frequency,None
9.782021999999415,9.78318599999966,0.001164000000244414,core 5 cpu_idle,3.155184960662518e-05
9.78318599999966,9.783194999999068,8.999999408842996e-06,core 5 cpu_frequency,None
9.783194999999068,9.783215999999811,2.100000074278796e-05,core 5 cpu_idle,5.692344201343076e-07
9.783215999999811,9.784954999999172,0.0017389999993611127,core 5 cpu_frequency,None
9.784954999999172,9.785051999999268,9.700000009615906e-05,core 5 cpu_idle,2.629320802606526e-06
9.785051999999268,9.785176999999749,0.0001250000004802132,core 5 cpu_frequency,None
9.785176999999749,9.79048899999907,0.005311999999321415,core 5 cpu_idle,0.000143989196781606
9.79048899999907,9.792409999999109,0.0019210000000384753,core 5 cpu_frequency,None
9.792409999999109,9.79385799999909,0.0014479999999821302,core 5 cpu_idle,3.925006719951562e-05
9.79385799999909,9.794864999999845,0.0010070000007544877,core 5 cpu_frequency,None
9.794864999999845,9.802425999999286,0.007560999999441265,core 5 cpu_idle,0.0002049514903848547
9.802425999999286,9.803727999999865,0.0013020000005781185,core 5 cpu_frequency,None
9.803727999999865,9.803745999999592,1.7999999727180693e-05,core 5 cpu_idle,4.879151926048507e-07
9.803745999999592,9.812400999999227,0.008654999999635038,core 5 cpu_frequency,None
9.812400999999227,9.812736999999288,0.00033600000006117625,core 5 cpu_frequency,None
9.812736999999288,9.813381999999365,0.0006450000000768341,core 5 cpu_frequency,None
9.813381999999365,9.816351999999824,0.0029700000004595495,core 5 cpu_frequency,None
9.816351999999824,9.8169199999993,0.0005679999994754326,core 5 cpu_frequency,None
9.8169199999993,9.818183999999746,0.0012640000004466856,core 5 cpu_frequency,None
9.818183999999746,9.822392999999465,0.004208999999718799,core 5 cpu_frequency,None
9.822392999999465,9.82263999999941,0.00024699999994481914,core 5 cpu_frequency,None
9.82263999999941,9.822661999999582,2.2000000171829015e-05,core 5 cpu_frequency,None
9.822661999999582,9.823651999999129,0.0009899999995468534,core 5 cpu_idle,2.6835335987716825e-05
9.823651999999129,9.826387999999497,0.0027360000003682217,core 5 cpu_frequency,None
9.826387999999497,9.829184999999597,0.0027970000001005246,core 5 cpu_frequency,None
9.829184999999597,9.832389999999577,0.0032049999999799184,core 5 cpu_frequency,None
9.832389999999577,9.836037999999462,0.0036479999998846324,core 5 cpu_idle,9.88841471968728e-05
9.836037999999462,9.839366999999584,0.003329000000121596,core 5 cpu_frequency,None
9.839366999999584,9.84238699999969,0.003020000000105938,core 5 cpu_frequency,None
9.84238699999969,9.842410999999629,2.3999999939405825e-05,core 5 cpu_frequency,None
9.842410999999629,9.845804999999928,0.003394000000298547,core 5 cpu_idle,9.199912160809253e-05
9.845804999999928,9.852388999999675,0.006583999999747903,core 5 cpu_frequency,None
9.852388999999675,9.852622999999767,0.00023400000009132782,core 5 cpu_idle,6.342897602475569e-06
9.852622999999767,9.85564599999907,0.003022999999302556,core 5 cpu_frequency,None
9.85564599999907,9.85569999999916,5.400000009103678e-05,core 5 cpu_idle,1.4637456024676794e-06
9.85569999999916,9.862688999999591,0.0069890000004306785,core 5 cpu_frequency,None
9.862688999999591,9.862774999999601,8.600000001024455e-05,core 5 cpu_idle,2.331150400277693e-06
9.862774999999601,9.862794999999096,1.9999999494757503e-05,core 5 cpu_frequency,None
9.862794999999096,9.863885999999184,0.0010910000000876607,core 5 cpu_idle,2.9573082402376165e-05
9.863885999999184,9.8724059999995,0.00852000000031694,core 5 cpu_frequency,None
9.8724059999995,9.872748999999203,0.00034299999970244244,core 5 cpu_frequency,None
9.872748999999203,9.872770999999375,2.2000000171829015e-05,core 5 cpu_frequency,None
9.872770999999375,9.874516999999287,0.0017459999999118736,core 5 cpu_idle,4.732777439761121e-05
9.874516999999287,9.882387999999082,0.007870999999795458,core 5 cpu_frequency,None
9.882387999999082,9.882407999999486,2.0000000404252205e-05,core 5 cpu_frequency,None
9.882407999999486,9.882617999999638,0.000210000000151922,core 5 cpu_idle,5.692344004118058e-06
9.882617999999638,9.883919999999307,0.0013019999996686238,core 5 cpu_frequency,None
9.883919999999307,9.88704399999915,0.003123999999843363,core 5 cpu_idle,8.468039359575414e-05
9.88704399999915,9.887124999999287,8.100000013655517e-05,core 5 cpu_frequency,None
9.887124999999287,9.887142999999924,1.8000000636675395e-05,core 5 cpu_idle,4.879152172579779e-07
9.887142999999924,9.890641999999389,0.0034989999994650134,core 5 cpu_frequency,None
9.890641999999389,9.902385999999751,0.011744000000362576,core 5 cpu_frequency,None
9.902385999999751,9.90712799999983,0.004742000000078406,core 5 cpu_frequency,None
9.90712799999983,9.919512999999824,0.012384999999994761,core 5 cpu_frequency,None
9.919512999999824,9.919528999999784,1.5999999959603883e-05,core 5 cpu_frequency,None
9.919528999999784,9.920768999999382,0.001239999999597785,core 5 cpu_idle,3.36119359890974e-05
9.920768999999382,9.920799999999872,3.100000049016671e-05,core 5 cpu_frequency,None
9.920799999999872,9.922343999999612,0.0015439999997397535,core 5 cpu_idle,4.1852281592945656e-05
9.922343999999612,9.92588699999942,0.0035429999998086714,core 5 cpu_frequency,None
9.92588699999942,9.926876999999877,0.000990000000456348,core 5 cpu_idle,2.6835336012369953e-05
9.926876999999877,9.930814999999711,0.003937999999834574,core 5 cpu_frequency,None
9.930814999999711,9.94239799999923,0.011582999999518506,core 5 cpu_idle,0.00031397343118694845
9.94239799999923,9.942622999999912,0.00022500000068248482,core 5 cpu_frequency,None
9.942622999999912,29.982495999999628,20.039872999999716,core 5 cpu_idle,0.5432088134871923
29.982495999999628,29.99968799999988,0.01719200000025012,core 5 cpu_frequency,None
29.99968799999988,30.00120799999968,0.0015199999998003477,core 5 cpu_frequency,None
30.00120799999968,30.00865999999951,0.00745199999983015,core 5 cpu_idle,0.00020199689279539598
30.00865999999951,30.009749999999258,0.001089999999749125,core 5 cpu_frequency,None
30.009749999999258,30.010684999999285,0.0009350000000267755,core 5 cpu_idle,2.5344484000725786e-05
30.010684999999285,30.01238199999989,0.001697000000604021,core 5 cpu_frequency,None
30.01238199999989,30.024436999999125,0.012054999999236315,core 5 cpu_idle,0.00032676765197929927
30.024436999999125,30.024506999999176,7.000000005064066e-05,core 5 cpu_frequency,None
30.024506999999176,30.02582899999925,0.001322000000072876,core 5 cpu_idle,3.5834660801975404e-05
30.02582899999925,30.026059999999234,0.00023099999998521525,core 5 cpu_frequency,None
30.026059999999234,30.028385999999045,0.0023259999998117564,core 5 cpu_idle,6.30494863948974e-05
30.028385999999045,30.032796999999846,0.0044110000008004135,core 5 cpu_frequency,None
30.032796999999846,30.04241599999932,0.009618999999474909,core 5 cpu_idle,0.00026073646158576664
30.04241599999932,30.04243999999926,2.3999999939405825e-05,core 5 cpu_frequency,None
30.04243999999926,30.062778999999864,0.020339000000603846,core 5 cpu_idle,0.0005513170696163681
30.062778999999864,30.461636999999428,0.3988579999995636,core 5 cpu_frequency,None
30.461636999999428,59.74308199999905,29.28144499999962,core 5 cpu_idle,0.7937145607479897
59.74308199999905,59.74381799999992,0.0007360000008702627,core 5 cpu_frequency,None
59.74381799999992,59.762752999999066,0.018934999999146385,core 5 cpu_idle,0.0005132596839768615
59.762752999999066,59.95159799999965,0.18884500000058324,core 5 cpu_frequency,None
59.95159799999965,155.5424549999998,95.59085700000014,core 5 cpu_idle,2.591124006184804
155.5424549999998,155.56242999999904,0.01997499999924912,core 5 cpu_frequency,None
155.56242999999904,155.57011299999976,0.00768300000072486,core 5 cpu_frequency,None
155.57011299999976,155.58263199999965,0.012518999999883818,core 5 cpu_idle,0.0003393450215968507
155.58263199999965,155.62397299999975,0.04134100000010221,core 5 cpu_frequency,None
155.62397299999975,155.68871499999932,0.06474199999956909,core 5 cpu_frequency,None
155.68871499999932,174.2264869999999,18.537772000000587,core 5 cpu_idle,0.5024922629408158
174.2264869999999,174.22675099999924,0.0002639999993334641,core 5 cpu_frequency,None
174.22675099999924,174.2425199999998,0.01576900000054593,core 5 cpu_idle,0.0004274408216147982
174.2425199999998,174.2430749999994,0.0005549999996219412,core 5 cpu_frequency,None
174.2430749999994,174.24722799999927,0.004152999999860185,core 5 cpu_idle,0.00011257287919621012
174.24722799999927,174.24747799999932,0.0002500000000509317,core 5 cpu_frequency,None
174.24747799999932,174.2525059999998,0.0050280000004931935,core 5 cpu_idle,0.00013629097921336869
174.2525059999998,174.25394099999903,0.0014349999992191442,core 5 cpu_frequency,None
174.25394099999903,174.28251999999975,0.028579000000718224,core 5 cpu_idle,0.0007746738056194684
174.28251999999975,174.30274299999928,0.020222999999532476,core 5 cpu_frequency,None
174.30274299999928,174.58535499999925,0.2826119999999719,core 5 cpu_frequency,None
174.58535499999925,181.54503899999963,6.9596840000003795,core 5 cpu_idle,0.18865197837761027
181.54503899999963,181.54940299999907,0.004363999999441148,core 5 cpu_frequency,None
181.54940299999907,181.5627259999992,0.01332300000012765,core 5 cpu_idle,0.0003611385672034601
181.5627259999992,181.62340099999983,0.06067500000062864,core 5 cpu_frequency,None
181.62340099999983,181.72899999999936,0.10559899999952904,core 5 cpu_idle,0.002862408733587234
0.0,1.8076249999994616,1.8076249999994616,core 6 cpu_idle start,0.04899820629998541
1.8076249999994616,1.9626449999996112,0.1550200000001496,core 6 cpu_idle,0.004202034128004055
1.9626449999996112,2.040260999999191,0.0776159999995798,core 6 cpu_frequency,None
2.040260999999191,2.6335339999995995,0.5932730000004085,core 6 cpu_idle,0.016081495247211072
2.6335339999995995,2.633589999999458,5.599999985861359e-05,core 6 cpu_frequency,None
2.633589999999458,2.642888999999741,0.009299000000282831,core 6 cpu_idle,0.0002520624136076665
2.642888999999741,2.733158999999432,0.09026999999969121,core 6 cpu_frequency,None
2.733158999999432,4.210320999999567,1.4771620000001349,core 6 cpu_idle,0.040040544036803655
4.210320999999567,4.222455999999511,0.01213499999994383,core 6 cpu_frequency,None
4.222455999999511,4.411074999999073,0.18861899999956222,core 6 cpu_frequency,None
4.411074999999073,4.717592999999397,0.3065180000003238,core 6 cpu_idle,0.008308599515208777
4.717592999999397,4.722481999999218,0.004888999999820953,core 6 cpu_frequency,None
4.722481999999218,4.732159999999567,0.00967800000034913,core 6 cpu_frequency,None
4.732159999999567,4.780377999999473,0.04821799999990617,core 6 cpu_idle,0.0013070163951974566
4.780377999999473,4.78050599999915,0.00012799999967683107,core 6 cpu_frequency,None
4.78050599999915,4.782497999999578,0.0019920000004276517,core 6 cpu_idle,5.399594881159209e-05
4.782497999999578,4.813493999999082,0.03099599999950442,core 6 cpu_frequency,None
4.813493999999082,4.837135999999191,0.023642000000108965,core 6 cpu_idle,0.0006408495088029536
4.837135999999191,4.842461999999614,0.005326000000422937,core 6 cpu_frequency,None
4.842461999999614,4.844927999999527,0.0024659999999130378,core 6 cpu_frequency,None
4.844927999999527,4.862450999999055,0.01752299999952811,core 6 cpu_idle,0.00047498544718720874
4.862450999999055,4.913320999999087,0.05087000000003172,core 6 cpu_frequency,None
4.913320999999087,5.703192999999374,0.7898720000002868,core 6 cpu_idle,0.021410586380807773
5.703192999999374,5.703275999999278,8.299999990413198e-05,core 6 cpu_frequency,None
5.703275999999278,5.771959999999126,0.06868399999984831,core 6 cpu_idle,0.0018617759775958881
5.771959999999126,5.802801999999247,0.030842000000120606,core 6 cpu_frequency,None
5.802801999999247,9.092898999999306,3.29009700000006,core 6 cpu_idle,0.08918268532080162
9.092898999999306,9.093023999999787,0.0001250000004802132,core 6 cpu_frequency,None
9.093023999999787,9.102470999999241,0.00944699999945442,core 6 cpu_idle,0.0002560741607852113
9.102470999999241,9.19202999999925,0.08955900000000838,core 6 cpu_frequency,None
9.19202999999925,9.42242399999941,0.2303940000001603,core 6 cpu_idle,0.006245151921604345
9.42242399999941,9.442406999999548,0.019983000000138418,core 6 cpu_frequency,None
9.442406999999548,9.462415999999394,0.0200089999998454,core 6 cpu_frequency,None
9.462415999999394,9.462677999999869,0.00026200000047538197,core 6 cpu_frequency,None
9.462677999999869,9.62192899999991,0.15925100000004022,core 6 cpu_idle,0.00431672130640109
9.62192899999991,9.622418999999354,0.00048999999944499,core 6 cpu_frequency,None
9.622418999999354,9.622456999999486,3.80000001314329e-05,core 6 cpu_frequency,None
9.622456999999486,9.62579199999982,0.003335000000333821,core 6 cpu_idle,9.039984400904869e-05
9.62579199999982,9.642452999999477,0.016660999999658088,core 6 cpu_frequency,None
9.642452999999477,9.755629999999655,0.11317700000017794,core 6 cpu_frequency,None
9.755629999999655,9.756654999999228,0.0010249999995721737,core 6 cpu_frequency,None
9.756654999999228,9.7573969999994,0.0007420000001729932,core 6 cpu_frequency,None
9.7573969999994,9.75767899999937,0.00028199999997013947,core 6 cpu_frequency,None
9.75767899999937,9.758675999999468,0.0009970000000976142,core 6 cpu_frequency,None
9.758675999999468,9.75995999999941,0.001283999999941443,core 6 cpu_frequency,None
9.75995999999941,9.762448999999833,0.0024890000004234025,core 6 cpu_frequency,None
9.762448999999833,9.762719999999717,0.00027099999988422496,core 6 cpu_frequency,None
9.762719999999717,9.763089999999465,0.00036999999974796083,core 6 cpu_frequency,None
9.763089999999465,9.76509999999962,0.0020100000001548324,core 6 cpu_idle,5.448386400419695e-05
9.76509999999962,9.768076999999721,0.0029770000001008157,core 6 cpu_frequency,None
9.768076999999721,9.769225999999435,0.0011489999997138511,core 6 cpu_frequency,None
9.769225999999435,9.76930799999991,8.200000047509093e-05,core 6 cpu_frequency,None
9.76930799999991,9.770340999999462,0.0010329999995519756,core 6 cpu_frequency,None
9.770340999999462,9.77144699999917,0.0011059999997087289,core 6 cpu_frequency,None
9.77144699999917,9.773834999999053,0.002387999999882595,core 6 cpu_frequency,None
9.773834999999053,9.774500999999873,0.0006660000008196221,core 6 cpu_frequency,None
9.774500999999873,9.77556899999945,0.001067999999577296,core 6 cpu_frequency,None
9.77556899999945,9.77699499999926,0.0014259999998103012,core 6 cpu_frequency,None
9.77699499999926,9.778276999999434,0.0012820000001738663,core 6 cpu_frequency,None
9.778276999999434,9.778325999999652,4.9000000217347406e-05,core 6 cpu_frequency,None
9.778325999999652,9.77936199999931,0.0010359999996580882,core 6 cpu_frequency,None
9.77936199999931,9.779547999999522,0.00018600000021251617,core 6 cpu_frequency,None
9.779547999999522,9.78078799999912,0.001239999999597785,core 6 cpu_frequency,None
9.78078799999912,9.780866999999489,7.900000036897836e-05,core 6 cpu_frequency,None
9.780866999999489,9.781881999999314,0.001014999999824795,core 6 cpu_frequency,None
9.781881999999314,9.78318599999966,0.0013040000003456953,core 6 cpu_frequency,None
9.78318599999966,9.78321699999924,3.099999958067201e-05,core 6 cpu_frequency,None
9.78321699999924,9.785052999999607,0.0018360000003667665,core 6 cpu_frequency,None
9.785052999999607,9.79266699999971,0.00761400000010326,core 6 cpu_frequency,None
9.79266699999971,9.79385899999943,0.0011919999997189734,core 6 cpu_idle,3.231082879238238e-05
9.79385899999943,9.794801999999436,0.0009430000000065775,core 6 cpu_frequency,None
9.794801999999436,9.802426999999625,0.007625000000189175,core 6 cpu_idle,0.00020668630000512784
9.802426999999625,9.803448999999091,0.0010219999994660611,core 6 cpu_frequency,None
9.803448999999091,9.803745999999592,0.0002970000005007023,core 6 cpu_idle,8.050600813572236e-06
9.803745999999592,9.812383999999838,0.008638000000246393,core 6 cpu_frequency,None
9.812383999999838,9.812400999999227,1.6999999388644937e-05,core 6 cpu_idle,4.6080878342836514e-07
9.812400999999227,9.812702999999601,0.0003020000003743917,core 6 cpu_frequency,None
9.812702999999601,9.812736999999288,3.399999968678458e-05,core 6 cpu_idle,9.216175915098575e-07
9.812736999999288,9.813381999999365,0.0006450000000768341,core 6 cpu_frequency,None
9.813381999999365,9.816146999999546,0.002765000000181317,core 6 cpu_frequency,None
9.816146999999546,9.816352999999253,0.00020599999970727367,core 6 cpu_idle,5.5839183920652425e-06
9.816352999999253,9.8169199999993,0.0005670000000463915,core 6 cpu_frequency,None
9.8169199999993,9.818184999999175,0.0012649999998757266,core 6 cpu_frequency,None
9.818184999999175,9.820101999999679,0.0019170000005033216,core 6 cpu_frequency,None
9.820101999999679,9.822392999999465,0.002290999999786436,core 6 cpu_idle,6.210076239421105e-05
9.822392999999465,9.822421999999278,2.89999998130952e-05,core 6 cpu_frequency,None
9.822421999999278,9.82263999999941,0.00021800000013172394,core 6 cpu_idle,5.909195203570561e-06
9.82263999999941,9.822875999999269,0.00023599999985890463,core 6 cpu_frequency,None
9.822875999999269,9.823652999999467,0.0007770000001983135,core 6 cpu_idle,2.1061672805375564e-05
9.823652999999467,9.823772999999164,0.00011999999969702912,core 6 cpu_frequency,None
9.823772999999164,9.824946999999156,0.0011739999999917927,core 6 cpu_idle,3.182291359977753e-05
9.824946999999156,9.825236999999106,0.0002899999999499414,core 6 cpu_frequency,None
9.825236999999106,9.826387999999497,0.0011510000003909227,core 6 cpu_idle,3.11994664105965e-05
9.826387999999497,9.829184999999597,0.0027970000001005246,core 6 cpu_frequency,None
9.829184999999597,9.832281999999395,0.003096999999797845,core 6 cpu_frequency,None
9.832281999999395,9.83603999999923,0.003757999999834283,core 6 cpu_idle,0.000101865851195508
9.83603999999923,9.839366999999584,0.003327000000354019,core 6 cpu_frequency,None
9.839366999999584,9.840743999999177,0.0013769999995929538,core 6 cpu_frequency,None
9.840743999999177,9.84238699999969,0.0016430000005129841,core 6 cpu_idle,4.453581521390515e-05
9.84238699999969,9.845767999999225,0.003380999999535561,core 6 cpu_frequency,None
9.845767999999225,9.845804999999928,3.7000000702391844e-05,core 6 cpu_idle,1.0029368190393142e-06
9.845804999999928,9.852622999999767,0.0068179999998392304,core 6 cpu_frequency,None
9.852622999999767,9.855700999999499,0.0030779999997321283,core 6 cpu_frequency,None
9.855700999999499,9.862400999999409,0.006699999999909778,core 6 cpu_frequency,None
9.862400999999409,9.86277599999903,0.0003749999996216502,core 6 cpu_idle,1.01648999897443e-05
9.86277599999903,9.863886999999522,0.001111000000491913,core 6 cpu_frequency,None
9.863886999999522,9.872388999999202,0.008501999999680265,core 6 cpu_frequency,None
9.872388999999202,9.8724059999995,1.700000029813964e-05,core 6 cpu_idle,4.608088080814923e-07
9.8724059999995,9.872749999999542,0.0003440000000409782,core 6 cpu_frequency,None
9.872749999999542,9.874471999999514,0.0017219999999724678,core 6 cpu_frequency,None
9.874471999999514,9.874517999999625,4.600000011123484e-05,core 6 cpu_idle,1.246894403015176e-06
9.874517999999625,9.882387999999082,0.007869999999456923,core 6 cpu_frequency,None
9.882387999999082,9.882575999999062,0.00018799999998009298,core 6 cpu_frequency,None
9.882575999999062,9.882617999999638,4.200000057608122e-05,core 6 cpu_idle,1.1384688156154879e-06
9.882617999999638,9.882768999999826,0.00015100000018719584,core 6 cpu_frequency,None
9.882768999999826,9.887044999999489,0.004275999999663327,core 6 cpu_idle,0.000115906966390874
9.887044999999489,9.887068999999428,2.3999999939405825e-05,core 6 cpu_frequency,None
9.887068999999428,9.887142999999924,7.400000049528899e-05,core 6 cpu_idle,2.0058736134255015e-06
9.887142999999924,9.889478999999483,0.002335999999559135,core 6 cpu_frequency,None
9.889478999999483,9.890641999999389,0.0011629999999058782,core 6 cpu_idle,3.15247431974487e-05
9.890641999999389,9.902385999999751,0.011744000000362576,core 6 cpu_frequency,None
9.902385999999751,9.90712799999983,0.004742000000078406,core 6 cpu_frequency,None
9.90712799999983,9.919300999999905,0.012173000000075263,core 6 cpu_frequency,None
9.919300999999905,9.919513999999253,0.00021299999934853986,core 6 cpu_idle,5.773663182341261e-06
9.919513999999253,9.919788999999582,0.0002750000003288733,core 6 cpu_frequency,None
9.919788999999582,9.92076999999972,0.0009810000001380104,core 6 cpu_idle,2.6591378403740962e-05
9.92076999999972,9.922343999999612,0.0015739999998913845,core 6 cpu_frequency,None
9.922343999999612,9.926876999999877,0.0045330000002650195,core 6 cpu_frequency,None
9.926876999999877,9.93081599999914,0.003938999999263615,core 6 cpu_frequency,None
9.93081599999914,9.94239799999923,0.011582000000089465,core 6 cpu_idle,0.0003139463248024251
9.94239799999923,9.942626999999447,0.00022900000021763844,core 6 cpu_frequency,None
9.942626999999447,29.982496999999057,20.03986999999961,core 6 cpu_idle,0.5432087321679894
29.982496999999057,29.990491999999904,0.00799500000084663,core 6 cpu_frequency,None
29.990491999999904,29.999688999999307,0.009196999999403488,core 6 cpu_idle,0.0002492975607838307
29.999688999999307,30.001429999999345,0.0017410000000381842,core 6 cpu_frequency,None
30.001429999999345,30.00865999999951,0.0072300000001632725,core 6 cpu_idle,0.00019597927200442573
30.00865999999951,30.010685999999623,0.0020260000001144363,core 6 cpu_frequency,None
30.010685999999623,30.010785999999825,0.00010000000020227162,core 6 cpu_frequency,None
30.010785999999825,30.024437999999463,0.013651999999638065,core 6 cpu_idle,0.0003700565727901892
30.024437999999463,30.024720999999772,0.0002830000003086752,core 6 cpu_frequency,None
30.024720999999772,30.025829999999587,0.0011089999998148414,core 6 cpu_idle,3.006099759498102e-05
30.025829999999587,30.027415999999903,0.0015860000003158348,core 6 cpu_frequency,None
30.027415999999903,30.028386999999384,0.0009709999994811369,core 6 cpu_idle,2.632031438593549e-05
30.028386999999384,30.0293529999999,0.0009660000005169422,core 6 cpu_frequency,None
30.0293529999999,30.04241599999932,0.013062999999419844,core 6 cpu_idle,0.00035409090318427405
30.04241599999932,30.042828999999074,0.0004129999997530831,core 6 cpu_frequency,None
30.042828999999074,30.062779999999293,0.01995100000021921,core 6 cpu_idle,0.000540799786405942
30.062779999999293,30.461858999999095,0.39907899999980145,core 6 cpu_frequency,None
30.461858999999095,59.74308299999939,29.281224000000293,core 6 cpu_idle,0.793708570233608
59.74308299999939,59.762753999999404,0.019671000000016647,core 6 cpu_frequency,None
59.762753999999404,60.2449119999992,0.48215799999979936,core 6 cpu_frequency,None
60.2449119999992,155.5424549999998,95.29754300000059,core 6 cpu_idle,2.583173319575216
155.5424549999998,155.56242999999904,0.01997499999924912,core 6 cpu_frequency,None
155.56242999999904,155.5688339999997,0.006404000000657106,core 6 cpu_frequency,None
155.5688339999997,155.58263399999942,0.013799999999719148,core 6 cpu_idle,0.0003740683199923871
155.58263399999942,155.62397499999952,0.04134100000010221,core 6 cpu_frequency,None
155.62397499999952,155.6252799999993,0.0013049999997747364,core 6 cpu_frequency,None
155.6252799999993,174.2264869999999,18.601207000000613,core 6 cpu_idle,0.5042117574248166
174.2264869999999,174.2277529999992,0.0012659999993047677,core 6 cpu_frequency,None
174.2277529999992,174.24252199999955,0.014769000000342203,core 6 cpu_idle,0.0004003344216092759
174.24252199999955,174.24285099999906,0.00032899999951041536,core 6 cpu_frequency,None
174.24285099999906,174.24722799999927,0.004377000000204134,core 6 cpu_idle,0.00011864471280553335
174.24722799999927,174.24742399999923,0.00019599999995989492,core 6 cpu_frequency,None
174.24742399999923,174.25250699999924,0.005083000000013271,core 6 cpu_idle,0.00013778183120035972
174.25250699999924,174.26981999999953,0.017313000000285683,core 6 cpu_frequency,None
174.26981999999953,174.28252099999918,0.012700999999651685,core 6 cpu_idle,0.00034427838639055844
174.28252099999918,174.3027459999994,0.020225000000209548,core 6 cpu_frequency,None
174.3027459999994,174.48814399999992,0.1853980000005322,core 6 cpu_frequency,None
174.48814399999992,181.54503899999963,7.056894999999713,core 6 cpu_idle,0.19128701862799222
181.54503899999963,181.5494039999994,0.004364999999779684,core 6 cpu_frequency,None
181.5494039999994,181.56272699999954,0.01332300000012765,core 6 cpu_idle,0.0003611385672034601
181.56272699999954,181.56714399999964,0.004417000000103144,core 6 cpu_frequency,None
181.56714399999964,181.72899999999936,0.161855999999716,core 6 cpu_idle,0.004387333478392302
0.0,1.9626599999992322,1.9626599999992322,core 7 cpu_idle start,0.05320064702397919
1.9626599999992322,9.463148999999248,7.500489000000016,core 7 cpu_frequency,None
9.463148999999248,9.815586999999141,0.3524379999998928,core 7 cpu_idle,0.009553325403197093
9.815586999999141,9.815989999999147,0.00040300000000570435,core 7 cpu_frequency,None
9.815989999999147,9.816030999999384,4.1000000237545464e-05,core 7 cpu_idle,1.1113624064390024e-06
9.816030999999384,9.816426999999749,0.00039600000036443816,core 7 cpu_frequency,None
9.816426999999749,9.822644999999284,0.006217999999535095,core 7 cpu_idle,0.0001685475951873981
9.822644999999284,9.82295299999987,0.0003080000005866168,core 7 cpu_frequency,None
9.82295299999987,9.823751999999331,0.0007989999994606478,core 7 cpu_idle,2.1658013585380103e-05
9.823751999999331,9.826335999999174,0.00258399999984249,core 7 cpu_frequency,None
9.826335999999174,9.826391999999032,5.599999985861359e-05,core 7 cpu_idle,1.5179583961675234e-06
9.826391999999032,9.826402999999118,1.1000000085914508e-05,core 7 cpu_frequency,None
9.826402999999118,9.829187999999704,0.002785000000585569,core 7 cpu_idle,7.549132401587267e-05
9.829187999999704,9.830940999999257,0.0017529999995531398,core 7 cpu_frequency,None
9.830940999999257,9.83267799999976,0.0017370000005030306,core 7 cpu_idle,4.708381681363535e-05
9.83267799999976,9.840773999999328,0.008095999999568448,core 7 cpu_frequency,None
9.840773999999328,9.872754999999415,0.03198100000008708,core 7 cpu_idle,0.0008668897784023604
9.872754999999415,9.874473999999282,0.0017189999998663552,core 7 cpu_frequency,None
9.874473999999282,9.880846999999449,0.00637300000016694,core 7 cpu_idle,0.00017274908720452513
9.880846999999449,9.881020999999237,0.0001739999997880659,core 7 cpu_frequency,None
9.881020999999237,9.887146999999459,0.0061260000002221204,core 7 cpu_idle,0.0001660538064060209
9.887146999999459,9.887154999999439,7.999999979801942e-06,core 7 cpu_frequency,None
9.887154999999439,9.890645999999833,0.003491000000394706,core 7 cpu_idle,9.462844241069906e-05
9.890645999999833,9.890662999999222,1.6999999388644937e-05,core 7 cpu_frequency,None
9.890662999999222,9.890664999999899,2.0000006770715117e-06,core 7 cpu_idle,5.421281835297123e-08
9.890664999999899,9.89069599999948,3.099999958067201e-05,core 7 cpu_frequency,None
9.89069599999948,9.91325599999982,0.02256000000033964,core 7 cpu_idle,0.0006115203840092064
9.91325599999982,9.91330999999991,5.400000009103678e-05,core 7 cpu_frequency,None
9.91330999999991,9.913345999999365,3.5999999454361387e-05,core 7 cpu_idle,9.758303852097015e-07
9.913345999999365,9.914535999999316,0.0011899999999513966,core 7 cpu_frequency,None
9.914535999999316,9.91501799999969,0.0004820000003746827,core 7 cpu_frequency,None
9.91501799999969,9.915821999999935,0.0008040000002438319,core 7 cpu_frequency,None
9.915821999999935,9.915901999999733,7.999999979801942e-05,core 7 cpu_idle,2.1685119945250335e-06
9.915901999999733,9.916979999999057,0.0010779999993246747,core 7 cpu_frequency,None
9.916979999999057,9.917198999999528,0.0002190000004702597,core 7 cpu_frequency,None
9.917198999999528,9.917209999999614,1.1000000085914508e-05,core 7 cpu_frequency,None
9.917209999999614,9.918790999999146,0.0015809999995326507,core 7 cpu_frequency,None
9.918790999999146,9.919419999999263,0.0006290000001172302,core 7 cpu_frequency,None
9.919419999999263,9.919747999999345,0.0003280000000813743,core 7 cpu_frequency,None
9.919747999999345,9.922348999999485,0.0026010000001406297,core 7 cpu_idle,7.050374640381197e-05
9.922348999999485,9.922585999999683,0.00023700000019744039,core 7 cpu_frequency,None
9.922585999999683,9.92708599999969,0.004500000000007276,core 7 cpu_idle,0.00012197880000019722
9.92708599999969,9.927118999999038,3.299999934824882e-05,core 7 cpu_frequency,None
9.927118999999038,9.962479999999232,0.0353610000001936,core 7 cpu_idle,0.0009585094104052477
9.962479999999232,9.972498999999516,0.010019000000283995,core 7 cpu_frequency,None
9.972498999999516,9.982513999999355,0.010014999999839347,core 7 cpu_idle,0.00027147059599564525
9.982513999999355,9.98301999999967,0.0005060000003140885,core 7 cpu_frequency,None
9.98301999999967,181.72899999999936,171.7459799999997,core 7 cpu_idle,4.6554152322719915
